#
#
#
122 <-- Number of lines
#
#        n_B [fm^{-3}]  rho [g/cm^3]   p [dyn/cm^2]
#
0 8.8784622495265456e-04 1.4738868521598745e+12 1.5890450054558959e+30
1 9.5543388198127588e-04 1.5862261991352419e+12 1.6945342257570771e+30
2 1.0281666770464591e-03 1.7071268441293821e+12 1.8117167705691931e+30
3 1.1064362858857399e-03 1.8372415615366382e+12 1.9418371825171889e+30
4 1.1906642007123820e-03 1.9772729400160759e+12 2.0865427320263411e+30
5 1.2813040000067941e-03 2.1279771838854399e+12 2.2472496762869942e+30
6 1.3788437910967181e-03 2.2901682126617837e+12 2.4260998558258448e+30
7 1.4838088386798882e-03 2.4647220674843638e+12 2.6247208544764768e+30
8 1.5967643934439871e-03 2.6525816568611318e+12 2.8457604570395408e+30
9 1.7183187360165001e-03 2.8547618757351230e+12 3.0914158152717943e+30
10 1.8491264526364990e-03 3.0723550829386592e+12 3.3643413259399441e+30
11 1.9898919601882351e-03 3.3065370544736699e+12 3.6680927152818822e+30
12 2.1413732995793949e-03 3.5585733527258711e+12 4.0056659380957839e+30
13 2.3043862178918485e-03 3.8298261523399868e+12 4.3804726887134009e+30
14 2.4798085612877008e-03 4.1217616571723057e+12 4.7970263835421651e+30
15 2.6685850023272493e-03 4.4359580645513428e+12 5.2597078987534551e+30
16 2.8717321271558120e-03 4.7741140910810039e+12 5.7730580620579044e+30
17 3.0903439099548330e-03 5.1380581879915049e+12 6.3424684799372296e+30
18 3.3255976041378140e-03 5.5297585268682275e+12 6.9751311476757945e+30
19 3.5787600820158605e-03 5.9513336938568984e+12 7.6776252839230310e+30
20 3.8511946570729400e-03 6.4050641077742637e+12 8.4564200220467460e+30
21 4.1443684255896649e-03 6.8934043946585039e+12 9.3195088193525075e+30
22 4.4598601671510356e-03 7.4189967332597539e+12 1.0275251659894419e+31
23 4.7993688465837866e-03 7.9846851946621299e+12 1.1333161905204730e+31
24 5.1647227631069657e-03 8.5935312006566250e+12 1.2503684753699480e+31
25 5.5578893959654886e-03 9.2488301430273438e+12 1.3798050744910000e+31
26 5.9809859995666112e-03 9.9541292734918359e+12 1.5228585267616861e+31
27 6.4362910051752919e-03 1.0713246972441039e+13 1.6808780095422671e+31
28 6.9262562905684760e-03 1.1530293492607840e+13 1.8553416050143821e+31
29 7.4535203837218364e-03 1.2409693289633420e+13 2.0478618580350800e+31
30 8.0209226716323294e-03 1.3356209064569893e+13 2.2602098652281949e+31
31 8.6315186907935468e-03 1.4374967721108971e+13 2.4945020426516612e+31
32 9.2885965816643778e-03 1.5471488301278779e+13 2.7529901016868848e+31
33 9.9956947957410697e-03 1.6651711906592061e+13 3.0379455652935252e+31
34 1.0756621150587471e-02 1.7922033928135773e+13 3.3518727360402488e+31
35 1.1575473335436851e-02 1.9289338838598621e+13 3.6975375387409447e+31
36 1.2456660977791439e-02 2.0761037653418000e+13 4.0779863660118484e+31
37 1.3404929389850880e-02 2.2345108269315758e+13 4.4965894148166564e+31
38 1.4425385122646820e-02 2.4050138904854629e+13 4.9570698657221158e+31
39 1.5523523465496930e-02 2.5885374888789000e+13 5.4635739266038749e+31
40 1.6705258038866050e-02 2.7860769062055828e+13 6.0207214889597206e+31
41 1.7976952639995551e-02 2.9987036075035309e+13 6.6336958562710303e+31
42 1.9345455512794998e-02 3.2275710900627621e+13 7.3083492473002890e+31
43 2.0818136226542501e-02 3.4739211899418367e+13 8.0513290218431265e+31
44 2.2402925361991840e-02 3.7390908806201992e+13 8.8702376848096648e+31
45 2.4108357218600711e-02 4.0245196049378008e+13 9.7738474731129674e+31
46 2.5943615772863578e-02 4.3317571836245312e+13 1.0772320491597450e+32
47 2.7918584135242029e-02 4.6624723543958891e+13 1.1877678633011440e+32
48 3.0043897772024309e-02 5.0184619752857344e+13 1.3103620082473201e+32
49 3.2331001778719642e-02 5.4016610239712727e+13 1.4468155544262660e+32
50 3.4792212513414689e-02 5.8141532403926883e+13 1.5987559320253210e+32
51 3.7440783921992897e-02 6.2581831203668461e+13 1.7697116488684281e+32
52 4.0290978912389259e-02 6.7361680641951742e+13 1.9607835310864169e+32
53 4.3358146162239687e-02 7.2506939332309875e+13 2.1311472898128160e+32
54 4.6658802773542743e-02 7.8045234792724391e+13 2.2773627247880579e+32
55 5.0210723219442553e-02 8.4006442993751688e+13 2.4403335769301350e+32
56 5.4033035062122120e-02 9.0423221373294453e+13 2.7015574507837277e+32
57 5.8146321957258620e-02 9.7331090162512016e+13 3.0623840891220492e+32
58 6.2572734499737784e-02 1.0476806631606959e+14 3.4685834732326397e+32
59 6.7336109507540515e-02 1.1277506002046192e+14 3.9827469753833032e+32
60 7.2462098386166449e-02 1.2139642656850328e+14 4.6164476071043599e+32
61 7.7978305264851819e-02 1.3068001788340789e+14 5.3867919552968447e+32
62 8.3914435648461044e-02 1.4067760383372578e+14 6.3438976441212220e+32
63 9.0302456385566707e-02 1.5144529964571650e+14 7.5324728400965273e+32
64 9.7176767814165135e-02 1.6304393312630088e+14 9.0127471801489224e+32
65 1.0457438901205261e-01 1.7553953948046381e+14 1.0861551181811798e+33
66 1.1253515714946409e-01 1.8900390927095800e+14 1.3174998210222161e+33
67 1.2110194201751490e-01 2.0351521081193300e+14 1.6073692856795399e+33
68 1.3032087688770169e-01 2.1915870825569556e+14 1.9708975773814220e+33
69 1.4024160694568591e-01 2.3602759835688981e+14 2.4271957510717401e+33
70 1.5091755663719211e-01 2.5422398411448747e+14 3.0001651651332172e+33
71 1.6240621736572761e-01 2.7385999106543566e+14 3.7192970439921552e+33
72 1.7476945709140920e-01 2.9505907080604788e+14 4.6213447058858143e+33
73 1.8807385349812142e-01 3.1795754465638331e+14 5.7519676175574618e+33
74 2.0239105252316664e-01 3.4270642308778288e+14 7.1678486628997677e+33
75 2.1779815418013160e-01 3.6947356152654819e+14 8.9392701626920276e+33
76 2.3437812775267050e-01 3.9844622272600812e+14 1.1153291556736351e+34
77 2.5222025859509589e-01 4.2983413266706038e+14 1.3917653544065730e+34
78 2.7142062894583480e-01 4.6387313589940769e+14 1.7365577526620879e+34
79 2.9208263534301471e-01 5.0082958006487119e+14 2.1661665451966020e+34
80 3.1431754542852325e-01 5.4100558800817469e+14 2.7009139933732431e+34
81 3.3824509713899548e-01 5.8474541126043088e+14 3.3658739450138911e+34
82 3.6399414351046855e-01 6.3244310225366662e+14 4.1919636410919734e+34
83 3.9170334656905598e-01 6.8455179494413650e+14 5.2172822478504907e+34
84 4.2152192404432137e-01 7.4159494728025075e+14 6.4887506280292462e+34
85 4.5361045292653057e-01 8.0417997648694525e+14 8.0641178738435234e+34
86 4.8814173419500972e-01 8.7301481163590538e+14 1.0014412936321319e+35
87 5.2530172337431613e-01 9.4892800023865525e+14 1.2426934456956820e+35
88 5.6529053192938095e-01 1.0328931396886930e+15 1.5408888534476072e+35
89 6.0832350489224873e-01 1.1260585629063770e+15 1.9091801065125110e+35
90 6.5463238052361017e-01 1.2297833938144250e+15 2.3636851556420368e+35
91 7.0446653825404526e-01 1.3456813028473290e+15 2.9241287732933726e+35
92 7.5809434162528055e-01 1.4756735324543202e+15 3.6146088349261128e+35
93 8.1580458346343543e-01 1.6220530193933660e+15 4.4645029275640013e+35
94 8.7790804106663356e-01 1.7875616811877320e+15 5.5095231216816560e+35
95 9.4473914978193452e-01 1.9754833677174840e+15 6.7929800196464293e+35
96 1.0166578039839960e+00 2.1897554054720855e+15 8.3672453186836801e+35
97 1.0940512951539449e+00 2.4351011031321360e+15 1.0295226716972119e+36
98 1.1773363974953179e+00 2.7171866850776560e+15 1.2652303923385029e+36
99 1.2669616123183840e+00 3.0428055925951220e+15 1.5528005163411221e+36
100 1.3634095832790922e+00 3.4200943571160640e+15 1.9028523137212371e+36
101 1.4671996954791160e+00 3.8587850784284520e+15 2.3278927011341633e+36
102 1.5788908724234489e+00 4.3704995063444515e+15 2.8426288465032382e+36
103 1.6990845858974994e+00 4.9690973850324750e+15 3.4644161169001220e+36
104 1.8284280949723808e+00 5.6710943403667350e+15 4.2138326036739318e+36
105 1.9676179315807247e+00 6.4961722391969860e+15 5.1155551684344872e+36
106 2.1174036514334329e+00 7.4678130043395790e+15 6.1994947396444136e+36
107 2.2785918704765140e+00 8.6140880259265700e+15 7.5022092725105068e+36
108 2.4520506086247682e+00 9.9686367705570660e+15 9.0685479974263601e+36
109 2.6387139641640580e+00 1.1571868108414930e+16 1.0953513598853150e+37
110 2.8395871439943532e+00 1.3472421092548730e+16 1.3224374622906640e+37
111 3.0557518768020042e+00 1.5728928643521740e+16 1.5963090384208770e+37
112 3.2883722383121099e+00 1.8412139486413500e+16 1.9269194426975941e+37
113 3.5387009199904531e+00 2.1607470310069420e+16 2.3263282730122449e+37
114 3.8080859749530220e+00 2.5418078130764444e+16 2.8091255838793279e+37
115 4.0979780774107040e+00 2.9968563338801600e+16 3.3929488917985151e+37
116 4.4099383347420087e+00 3.5409438311167632e+16 4.0991134650496740e+37
117 4.7456466942631712e+00 4.1922524621928168e+16 4.9533776013875144e+37
118 5.1069109899670524e+00 4.9727475548391376e+16 5.9868717702436135e+37
119 5.4956766779486959e+00 5.9089661634422120e+16 7.2372244727581877e+37
120 5.9140373129440160e+00 7.0329705738739984e+16 8.7499244441484008e+37
121 6.3642458223996536e+00 8.3835013628530816e+16 1.0579969432471240e+38
