#
#
#
97 <-- Number of lines
#
#        n_B [fm^{-3}]  rho [g/cm^3]   p [dyn/cm^2]
#
0 5.0747009258730400e-07 8.4244661736764252e+08 3.0277311180262131e+26
1 5.9243932004754369e-07 9.8356587756640756e+08 3.7186550735322758e+26
2 6.9163553294130497e-07 1.1483279998083460e+09 4.5677319771084492e+26
3 8.0744085383903003e-07 1.3406948467078221e+09 5.5991445674135165e+26
4 9.4263626056880784e-07 1.5652922703941519e+09 6.8585727313989903e+26
5 1.1004683693107781e-06 1.8275216098568523e+09 8.4026270428447813e+26
6 1.2847273996469940e-06 2.1336898871742051e+09 1.0317023751724030e+27
7 1.4998381938387170e-06 2.4911620660943890e+09 1.2724737724128019e+27
8 1.7509664760909502e-06 2.9085379787046938e+09 1.5671416184966560e+27
9 2.0441429035404760e-06 3.3958605832765141e+09 1.9495501998067599e+27
10 2.3864078879587960e-06 3.9648444417870121e+09 2.2487663933366820e+27
11 2.7859806659545686e-06 4.6291674051306362e+09 2.7208018733785189e+27
12 3.2524566777691699e-06 5.4048235877252493e+09 3.3436751450152639e+27
13 3.7970379945694029e-06 6.3104816152911863e+09 4.1035561295555075e+27
14 4.4328023277753441e-06 7.3679371115407457e+09 5.0340937381177483e+27
15 5.1750170804806469e-06 8.6026419875952091e+09 6.1758471290297241e+27
16 6.0415059826741056e-06 1.0044317752445290e+10 7.5739062483006011e+27
17 7.0530771147322872e-06 1.1727672266012802e+10 9.2905569517508538e+27
18 8.2340225978459894e-06 1.3693235153449980e+10 1.1371104053020290e+28
19 9.6127019510705971e-06 1.5988339913763090e+10 1.3975865145044531e+28
20 1.1222223123882350e-05 1.8668202078629681e+10 1.6343132884568720e+28
21 1.3101237558725430e-05 2.1797331380461235e+10 2.0126192389038820e+28
22 1.5294868376380829e-05 2.5451146334696949e+10 2.4418713158045761e+28
23 1.7855793973830669e-05 2.9717509966406418e+10 2.8158223293406331e+28
24 2.0845513056408011e-05 3.4699139771424690e+10 3.4584446710474770e+28
25 2.4335821483028381e-05 4.0516410649560799e+10 4.5030843076477647e+28
26 2.8410536389833331e-05 4.7309569309346207e+10 5.4128271613990541e+28
27 3.3167508995780158e-05 5.5241978113407784e+10 6.4597013467565437e+28
28 3.8720974426192711e-05 6.4504910411721703e+10 7.9724180958972243e+28
29 4.5204294983522292e-05 7.5321906506837524e+10 9.8046831821585365e+28
30 5.2773162742904152e-05 8.7953065490306915e+10 1.1065377122737491e+29
31 6.1609338380439946e-05 1.0270264960726390e+11 1.3737239557665540e+29
32 7.1925016019357390e-05 1.1992722738454900e+11 1.6824401374032291e+29
33 8.3967918912553245e-05 1.4004233742483405e+11 2.0765903278052260e+29
34 9.8027248330505263e-05 1.6353257247364780e+11 2.4308701869493861e+29
35 1.1444062851263480e-04 1.9096353523496851e+11 2.8999211148089061e+29
36 1.3360221445990860e-04 2.2299766537233987e+11 3.5404577258998108e+29
37 1.5597215727123230e-04 2.6040846699302966e+11 4.2936804539754652e+29
38 1.8208765432658499e-04 3.0409858308415033e+11 5.1928215662367484e+29
39 2.1257584967873769e-04 3.5512200434370001e+11 6.2191524310765672e+29
40 2.4816889444678682e-04 4.1471036346749664e+11 7.5442131324452106e+29
41 2.8972152887553679e-04 4.8429946676682526e+11 8.6776397813406345e+29
42 3.3823160828069538e-04 5.6555628711924023e+11 9.1296563191233959e+29
43 3.9486406579502701e-04 6.6042819824084546e+11 9.7292124721237151e+29
44 4.6097888736284143e-04 7.7119716327854065e+11 1.0415233269509409e+30
45 5.3816377078129028e-04 9.0052589466109583e+11 1.1103569299600310e+30
46 6.2827225307082865e-04 1.0515246506537101e+12 1.2123156737407658e+30
47 7.3346822177502806e-04 1.2278268986234958e+12 1.3331119845308270e+30
48 8.5627787909515194e-04 1.4336734912020029e+12 1.4797945113177170e+30
49 9.9965040673920974e-04 1.6740165169946169e+12 1.6573034215050009e+30
50 1.1670287883062580e-03 1.9546383351795828e+12 1.8727938279229061e+30
51 1.3624324899523359e-03 2.2822909323359092e+12 2.1346492864961209e+30
52 1.5905539848521800e-03 2.6648584331939761e+12 2.4515759551217589e+30
53 1.8568714394191039e-03 3.1115458044215889e+12 2.8210878522117961e+30
54 2.1677802673581159e-03 3.6331019839062988e+12 3.2806626095443992e+30
55 2.5307467107239848e-03 4.2420802612537495e+12 3.8366564644848042e+30
56 2.9544871361181380e-03 4.9531373612059482e+12 4.4998454925806913e+30
57 3.4491773516877973e-03 5.7833866157182070e+12 5.2872565112521219e+30
58 4.0266969715180836e-03 6.7528110080907383e+12 6.2289211860186823e+30
59 4.7009146956443751e-03 7.8847446225077139e+12 7.3492281142995808e+30
60 5.4880213564702102e-03 9.2064322467107539e+12 8.6615160354868925e+30
61 6.4069187294505409e-03 1.0749683818329930e+13 1.0189799438990240e+31
62 7.4796734450366300e-03 1.2551642792366590e+13 1.1993585124071580e+31
63 8.7320469022375176e-03 1.4655690732820912e+13 1.4228937300257630e+31
64 1.0194113909274039e-02 1.7112497175929281e+13 1.6987667105286270e+31
65 1.1900984907516479e-02 1.9981240646050641e+13 2.0458434763994568e+31
66 1.3893649122370982e-02 2.3331054812781785e+13 2.4966590379369180e+31
67 1.6219958888750715e-02 2.7242727771035809e+13 3.1057522474506142e+31
68 1.8935778788968499e-02 3.1810705355406359e+13 3.9627605479722742e+31
69 2.2106327198734666e-02 3.7145459217695148e+13 5.2113376849210706e+31
70 2.5807742457480329e-02 4.3376292980620117e+13 7.0754733310623466e+31
71 3.0128911273409369e-02 5.0654670503932156e+13 9.8891174295076982e+31
72 3.5173603271054947e-02 5.9158196774488859e+13 1.4175305844859188e+32
73 4.1062962940896501e-02 6.9095072607265789e+13 2.0296762794533980e+32
74 4.7938418833336112e-02 8.0708148759208938e+13 2.7495233619177354e+32
75 5.5965079859144472e-02 9.4282816242959266e+13 3.9157932521875427e+32
76 6.5335700255978832e-02 1.1015675452728738e+14 5.6312569010689461e+32
77 7.6275308436669978e-02 1.2872603031816658e+14 7.9873592090497426e+32
78 8.9046610877591761e-02 1.5045526198378716e+14 1.1139640170422900e+33
79 1.0395630081743720e-01 1.7589125138249319e+14 1.5426212473659130e+33
80 1.2136242326506121e-01 2.0568032005434369e+14 2.1384492505175810e+33
81 1.4168297318152859e-01 2.4059086963870809e+14 3.0019351098211751e+33
82 1.6540593331524900e-01 2.8154687731144112e+14 4.3334704118928611e+33
83 1.9310099274127418e-01 3.2967900511669238e+14 6.5113649994658489e+33
84 2.2543322751668282e-01 3.8640023225246431e+14 1.0185614586272850e+34
85 2.6317907198270951e-01 4.5351357153306825e+14 1.6393500862833581e+34
86 3.0724496425246117e-01 5.3335989009125431e+14 2.6678623017826200e+34
87 3.5868911364159589e-01 6.2901951821891762e+14 4.3292594348890950e+34
88 4.1874691277047860e-01 7.4459957006318600e+14 6.9571299174943569e+34
89 4.8886060459034841e-01 8.8566734017864712e+14 1.1064991486631910e+35
90 5.7071391676487915e-01 1.0599017600556080e+15 1.7431186460469848e+35
91 6.6627249512578124e-01 1.2779610425742400e+15 2.7117417793827450e+35
92 7.7783110718152837e-01 1.5544909359796130e+15 4.1437638004227967e+35
93 9.0806874923604119e-01 1.9094313122700780e+15 6.2162771944620840e+35
94 1.0601129804733660e+00 2.3701587282162340e+15 9.2015234390884895e+35
95 1.2376150289431389e+00 2.9751016971554300e+15 1.3539107778497449e+36
96 1.4448374730606450e+00 3.7801689385451770e+15 2.0014260646533330e+36
