#
#
#
681 <-- Number of lines
#
#        n_B [fm^{-3}]  rho [g/cm^3]   p [dyn/cm^2]
#
0 5.9005662939185953e-14 9.7949400479048691e+01 2.1671351075931341e+18
1 6.0716804858243532e-14 1.0078989606468426e+02 2.2362061135239764e+18
2 6.4289395135539870e-14 1.0672039592499621e+02 2.3810225901006956e+18
3 6.8072197417885656e-14 1.1299984771369020e+02 2.5352173667192945e+18
4 7.0046265409362301e-14 1.1627680057954143e+02 2.6160199032843197e+18
5 7.2077580626325886e-14 1.1964878383970100e+02 2.6993977811202954e+18
6 7.4167803216674089e-14 1.2311855333967901e+02 2.7854330815942646e+18
7 8.3152684901713201e-14 1.3803345693684392e+02 3.1578834703943788e+18
8 8.5564081329275648e-14 1.4203637500659761e+02 3.2585316427894851e+18
9 8.8045407341646269e-14 1.4615537618713284e+02 3.3623876772546918e+18
10 1.0451966241078647e-13 1.7350263960190557e+02 4.0588485025399772e+18
11 1.5156390843777460e-13 2.5159608800670586e+02 6.1029357295144274e+18
12 1.5595920448607664e-13 2.5889227944688730e+02 6.2974487104964751e+18
13 1.6992475675705383e-13 2.8207509621670943e+02 6.9189814641255649e+18
14 2.0756932039198500e-13 3.4456507185069512e+02 8.6183289387140076e+18
15 2.2615636181309038e-13 3.7541956060973007e+02 9.4689231973114163e+18
16 2.3271481081075318e-13 3.8630658594585032e+02 9.7707170485709128e+18
17 2.4640780194272192e-13 4.0903695122491843e+02 1.0403467673857595e+19
18 2.6090649171280899e-13 4.3310477624326302e+02 1.1077195164179917e+19
19 2.7625828760774936e-13 4.5858875742886403e+02 1.1794553177078487e+19
20 3.0972493918722054e-13 5.1414339905078623e+02 1.3371645782732597e+19
21 3.1870684533692299e-13 5.2905336325929227e+02 1.3797827344707242e+19
22 4.3647438214499858e-13 7.2454747436069772e+02 1.9484756184009753e+19
23 4.4913197422480843e-13 7.4555907721318215e+02 2.0105775014460662e+19
24 4.6215663168992740e-13 7.6718000860527945e+02 2.0746586978791924e+19
25 5.3316946040935273e-13 8.8506130427952576e+02 2.4270340794396221e+19
26 5.6454126982615164e-13 9.3713850791141192e+02 2.5842085553479205e+19
27 7.3018453859921865e-13 1.2121063340747032e+03 3.4273633164647195e+19
28 7.9556978068781040e-13 1.3206458359417654e+03 3.7656302333860028e+19
29 9.4442955529812655e-13 1.5677530617948901e+03 4.5456158245194277e+19
30 9.9999999999999998e-13 1.6774686489134017e+03 4.8399894350722245e+19
31 1.0287084146221144e-12 1.7250802733635148e+03 4.9926985736936751e+19
32 1.0582410023143440e-12 1.7740535071309032e+03 5.1502259213900308e+19
33 1.0886214237789060e-12 1.8244294868806196e+03 5.3127235000959222e+19
34 1.1198740189792674e-12 1.8762518088155532e+03 5.4803481282727174e+19
35 1.1520238266406580e-12 1.9295679404977232e+03 5.6532615722463240e+19
36 1.1850966043104127e-12 1.9844142911792235e+03 5.8316307023199724e+19
37 1.2191188489942157e-12 2.0408295826940184e+03 6.0156276538125738e+19
38 1.2541178183847768e-12 2.0988692642069927e+03 6.2054299931780923e+19
39 1.2901215526999483e-12 2.1585774780350739e+03 6.4012208893662380e+19
40 1.3271588971477845e-12 2.2199937376036087e+03 6.6031892905898582e+19
41 1.3652595250365310e-12 2.2831755124447754e+03 6.8115301066696188e+19
42 1.4044539615480710e-12 2.3481756859838110e+03 7.0264443971319243e+19
43 1.4447736081938645e-12 2.4150368738829548e+03 7.2481395652416332e+19
44 1.4862507679729818e-12 2.4838167595154687e+03 7.4768295581567894e+19
45 1.5289186712523859e-12 2.5545771247000116e+03 7.7127350733985759e+19
46 1.5728115023901918e-12 2.6273660500897063e+03 7.9560837718356804e+19
47 1.6179644271232400e-12 2.7022409016735887e+03 8.2071104973886456e+19
48 1.6644136207409258e-12 2.7792713420372061e+03 8.4660575036662710e+19
49 1.7121962970678507e-12 2.8585130640876096e+03 8.7331746877526966e+19
50 1.7613507382785240e-12 2.9400240896637829e+03 9.0087198313708634e+19
51 1.8119163255679913e-12 3.0238799332219137e+03 9.2929588496550232e+19
52 1.8639335707029750e-12 3.1101457100931739e+03 9.5861660477724361e+19
53 1.9174441484787938e-12 3.1988820834005419e+03 9.8886243856418603e+19
54 1.9724909301080704e-12 3.2901682083652645e+03 1.0200625751004327e+20
55 2.0291180175679730e-12 3.3840797938758137e+03 1.0522471241109704e+20
56 2.0873707789335175e-12 3.4806826237834425e+03 1.0854471453290925e+20
57 2.1472958847252263e-12 3.5800579047471142e+03 1.1196946784706281e+20
58 2.2089413453002785e-12 3.6822921896249914e+03 1.1550227741539036e+20
59 2.2723565493170900e-12 3.7874588997331562e+03 1.1914655257952756e+20
60 2.3375923033041621e-12 3.8956410315715457e+03 1.2290581025110213e+20
61 2.4047008723648806e-12 4.0069350590750755e+03 1.2678367830573290e+20
62 2.4737360220508923e-12 4.1214243542870709e+03 1.3078389908411543e+20
63 2.5447530614375893e-12 4.2391949441904289e+03 1.3491033300357130e+20
64 2.6178088874362343e-12 4.3603513465863225e+03 1.3916696228354839e+20
65 2.6929620303782098e-12 4.4849888579796580e+03 1.4355789478866606e+20
66 2.7702727009079188e-12 4.6131987682525023e+03 1.4808736799301390e+20
67 2.8498028382219084e-12 4.7450916517668675e+03 1.5275975306953078e+20
68 2.9316161596928606e-12 4.8807760630971943e+03 1.5757955910841018e+20
69 3.0157782119182138e-12 5.0203512696270745e+03 1.6255143746860214e+20
70 3.1023564232343007e-12 5.1639326023011354e+03 1.6768018626661243e+20
71 3.1914201577380915e-12 5.3116422881960843e+03 1.7297075500692967e+20
72 3.2830407708598097e-12 5.4635903179983488e+03 1.7842824935855027e+20
73 3.3772916665309592e-12 5.6198968651802916e+03 1.8405793608220967e+20
74 3.4742483559935422e-12 5.7806970797623580e+03 1.8986524811307506e+20
75 3.5739885182976041e-12 5.9461142335199820e+03 1.9585578980380574e+20
76 3.6765920625355677e-12 6.1162749303994133e+03 2.0203534233303899e+20
77 3.7821411918632131e-12 6.2913256064263260e+03 2.0840986928452347e+20
78 3.8907204693586004e-12 6.4714050393661137e+03 2.1498552240228159e+20
79 4.0024168857716946e-12 6.6566488332489826e+03 2.2176864752735643e+20
80 4.1173199292189806e-12 6.8472130421212851e+03 2.2876579072187282e+20
81 4.2355216568788932e-12 7.0432535386936834e+03 2.3598370458632133e+20
82 4.3571167687455182e-12 7.2449179737835993e+03 2.4342935477616283e+20
83 4.4822026834996317e-12 7.4523711139991083e+03 2.5110992672404115e+20
84 4.6108796165578936e-12 7.6657866062260800e+03 2.5903283257409336e+20
85 4.7432506603626921e-12 7.8853272295065917e+03 2.6720571833504612e+20
86 4.8794218669770025e-12 8.1111670094167112e+03 2.7563647125900624e+20
87 5.0195023330503910e-12 8.3434969026896142e+03 2.8433322745306009e+20
88 5.1636042872242718e-12 8.5824977340542282e+03 2.9330437973103313e+20
89 5.3118431800464326e-12 8.8283548448917099e+03 3.0255858571298406e+20
90 5.4643377764668574e-12 9.0812752315943108e+03 3.1210477618025012e+20
91 5.6212102509889499e-12 9.3414603617094363e+03 3.2195216369410638e+20
92 5.7825862855524208e-12 9.6091099309322453e+03 3.3211025148635919e+20
93 5.9485951702262110e-12 9.8844457678489362e+03 3.4258884263044874e+20
94 6.1193699067921726e-12 1.0167691957335132e+04 3.5339804950191682e+20
95 6.2950473153024520e-12 1.0459066070285075e+04 3.6454830353736466e+20
96 6.4757681436959836e-12 1.0758804415118428e+04 3.7605036530132215e+20
97 6.6616771805618864e-12 1.1067154779526940e+04 3.8791533487074220e+20
98 6.8529233711401363e-12 1.1384356176657906e+04 4.0015466254714221e+20
99 7.0496599366524045e-12 1.1710660572899324e+04 4.1278015990672890e+20
100 7.2520444970587316e-12 1.2046339442501594e+04 4.2580401119917297e+20
101 7.4602391973383154e-12 1.2391656676582246e+04 4.3923878510603246e+20
102 7.6744108373956540e-12 1.2746882606462137e+04 4.5309744687017217e+20
103 7.8947310056960566e-12 1.3112311679951232e+04 4.6739337080788419e+20
104 8.1213762167376407e-12 1.3488235802029787e+04 4.8214035321578757e+20
105 8.3545280524699230e-12 1.3874947365642789e+04 4.9735262568495795e+20
106 8.5943733077723172e-12 1.4272763263778048e+04 5.1304486883514050e+20
107 8.8411041401090778e-12 1.4682005957668885e+04 5.2923222648229626e+20
108 9.0949182234806219e-12 1.5102994091567258e+04 5.4593032025315974e+20
109 9.3560189067945243e-12 1.5536067445730534e+04 5.6315526466090454e+20
110 9.6246153767831259e-12 1.5981580738355287e+04 5.8092368265647397e+20
111 9.9009228255981919e-12 1.6439883123469765e+04 5.9925272167057405e+20
112 1.0185162623217021e-11 1.6911339329027509e+04 6.1816007016182317e+20
113 1.0477562494797998e-11 1.7396337012396823e+04 6.3766397468701517e+20
114 1.0778356703127777e-11 1.7895260008309047e+04 6.5778325750998119e+20
115 1.1087786236306213e-11 1.8408501599895346e+04 6.7853733476603239e+20
116 1.1406099000819464e-11 1.8936482521313967e+04 6.9994623519952483e+20
117 1.1733550020155873e-11 1.9479625204205793e+04 7.2203061949261821e+20
118 1.2070401639123830e-11 2.0038356097505166e+04 7.4481180020389079e+20
119 1.2416923734035248e-11 2.0613129487065209e+04 7.6831176233604612e+20
120 1.2773393928923101e-11 2.1204409788420933e+04 7.9255318455256298e+20
121 1.3140097817966222e-11 2.1812661739721290e+04 8.1755946106376408e+20
122 2.6357298745590755e-07 4.3753307595555079e+08 1.3053141410277107e+26
123 2.7113975006298111e-07 4.5009813647854465e+08 1.3548235137663165e+26
124 2.7892374242832559e-07 4.6302408911209697e+08 1.4062505345935203e+26
125 2.8693120087390989e-07 4.7632128651797801e+08 1.4596232710432049e+26
126 2.9516854075661923e-07 4.9000039548220950e+08 1.5150231841538035e+26
127 3.0364236160806470e-07 5.0407239928636533e+08 1.5725661296221613e+26
128 3.1235945242194702e-07 5.1854857193237704e+08 1.6322947348270259e+26
129 3.2132679709321291e-07 5.3344051893215203e+08 1.6942770676007488e+26
130 3.3055158001336091e-07 5.4876019962701678e+08 1.7586472920594478e+26
131 3.4004119182637942e-07 5.6451989504545486e+08 1.8254762239889576e+26
132 3.4980323534992906e-07 5.8073223220433903e+08 1.8948160815783113e+26
133 3.5984553166651188e-07 5.9741022976144743e+08 1.9668106385122550e+26
134 3.7017612638950934e-07 6.1456726753335094e+08 2.0415688680839542e+26
135 3.8080329610910770e-07 6.3221708669958377e+08 2.1191323782002300e+26
136 3.9173555502327568e-07 6.5037385534984505e+08 2.1996437387205171e+26
137 4.0298166175910798e-07 6.6905214953511810e+08 2.2832532965105234e+26
138 4.1455062638999711e-07 6.8826692828925669e+08 2.3700063147107146e+26
139 4.2645171765425840e-07 7.0803360715867770e+08 2.4600322113045952e+26
140 4.3869447038098963e-07 7.2836806213147712e+08 2.5535188535679750e+26
141 4.5128869312911602e-07 7.4928658466510379e+08 2.6505356680086469e+26
142 4.6424447604573895e-07 7.7080594546081412e+08 2.7511890053228223e+26
143 4.7757219895008630e-07 7.9294343145634580e+08 2.8556942417740178e+26
144 4.9128253964954006e-07 8.1571679110557425e+08 2.9641664622498985e+26
145 5.0538648249440450e-07 8.3914426991165066e+08 3.0766855149683131e+26
146 5.1989532717826579e-07 8.6324468536852396e+08 3.1934796635323855e+26
147 5.3482069779099934e-07 8.8803737583535767e+08 3.3147243745617515e+26
148 5.5017455213167175e-07 9.1354219611356676e+08 3.4404820122316846e+26
149 5.6596919128880404e-07 9.3977962369994068e+08 3.5709754133892740e+26
150 5.8221726949566576e-07 9.6677072750605273e+08 3.7064435820281845e+26
151 5.9893180426850252e-07 9.9453712251825809e+08 3.8469541288175004e+26
152 6.1612618683581382e-07 1.0231010870677148e+09 3.9927043558429668e+26
153 6.3381419286703880e-07 1.0524855698053116e+09 4.1439880374029121e+26
154 6.5200999350924669e-07 1.0827141126251028e+09 4.3009090455972723e+26
155 6.7072816674067207e-07 1.1138109497263026e+09 4.4636215535038789e+26
156 6.8998370905019385e-07 1.1458010689235759e+09 4.6324539712979728e+26
157 7.0979204745211148e-07 1.1787101198741565e+09 4.8075757325961301e+26
158 7.3016905184584602e-07 1.2125644653125854e+09 4.9890886235307338e+26
159 7.5113104773047281e-07 1.2473913034585984e+09 5.1773246744084338e+26
160 7.7269482928426215e-07 1.2832185835323625e+09 5.3725302991266668e+26
161 7.9487767281971858e-07 1.3200749913585942e+09 5.5747578864650001e+26
162 8.1769735062488865e-07 1.3579901202836130e+09 5.7842946840266984e+26
163 8.4117214520203245e-07 1.3969944202409427e+09 6.0014373821412727e+26
164 8.6532086391506576e-07 1.4371191175155706e+09 6.2261887688443103e+26
165 8.9016285405750560e-07 1.4783964088568366e+09 6.4589071589657283e+26
166 9.1571801835299326e-07 1.5208594660273478e+09 6.7000637197106073e+26
167 9.4200683090081175e-07 1.5645423040333374e+09 6.9497596734593284e+26
168 9.6905035357917632e-07 1.6094799366346936e+09 7.2081514547754110e+26
169 9.9687025291943417e-07 1.6557084772721434e+09 7.4756450000078757e+26
170 1.0254888174646970e-06 1.7032649882084634e+09 7.7523942305306852e+26
171 1.0549289756268156e-06 1.7521875532005734e+09 8.0384217210714863e+26
172 1.0852143140559925e-06 1.8025154753047876e+09 8.3340571148899752e+26
173 1.1163690965377655e-06 1.8542891405237222e+09 8.6394727156754485e+26
174 1.1484182834324866e-06 1.9075499853290105e+09 8.9545184171915669e+26
175 1.1813875516728835e-06 1.9623407688289073e+09 9.2793262632925903e+26
176 1.2153033153357131e-06 2.0187054949173732e+09 9.6139966787469309e+26
177 1.2501927468040012e-06 2.0766892802798676e+09 9.9581968350525013e+26
178 1.2860837985368103e-06 2.1363386505014656e+09 1.0311871600226214e+27
179 1.3230052254639895e-06 2.1977015767031593e+09 1.0675352537885746e+27
180 1.3609866080238331e-06 2.2608272811849999e+09 1.1048972721953942e+27
181 1.4000583758621265e-06 2.3257664828567829e+09 1.1434036209464917e+27
182 1.4402518322115407e-06 2.3925714631779037e+09 1.1830718718962151e+27
183 1.4815991789709296e-06 2.4612954198673186e+09 1.2216243123813560e+27
184 1.5241335425046106e-06 2.5319941465062642e+09 1.2582923039169624e+27
185 1.5678890001823054e-06 2.6047248129074860e+09 1.3003762309151255e+27
186 1.6129006076809916e-06 2.6795450096901188e+09 1.3465466119681398e+27
187 1.6592044270705574e-06 2.7565145674284110e+09 1.3954649817032848e+27
188 1.7068375557057469e-06 2.8356953367374530e+09 1.4467769948928946e+27
189 1.7558381559475444e-06 2.9171509809588599e+09 1.5003946043840220e+27
190 1.8062454857378149e-06 3.0009467379654021e+09 1.5562580655525270e+27
191 1.8580999300516982e-06 3.0871498735001607e+09 1.6143908566820360e+27
192 1.9114430332529441e-06 3.1758297294847322e+09 1.6748793986185961e+27
193 1.9663175323781216e-06 3.2670573716367683e+09 1.7377557766052108e+27
194 2.0227673913763654e-06 3.3609059424043136e+09 1.8030728093278342e+27
195 2.0808378363320912e-06 3.4574509421954021e+09 1.8709537813789973e+27
196 2.1405753916988959e-06 3.5567698290887232e+09 1.9414726566457147e+27
197 2.2020279175736833e-06 3.6589421566626325e+09 2.0146727496054290e+27
198 2.2652446480408593e-06 3.7640500935805321e+09 2.0906933220264995e+27
199 2.3302762306173421e-06 3.8721780744734302e+09 2.1696534840035218e+27
200 2.3971747668299625e-06 3.9834126637647696e+09 2.2515936290375934e+27
201 2.4659938539577878e-06 4.0978432499324446e+09 2.3366518601683431e+27
202 2.5367886279727936e-06 4.2155618550214047e+09 2.4249902784091576e+27
203 2.6096158077133015e-06 4.3366627368704853e+09 2.5166602717121182e+27
204 2.6845337403255587e-06 4.4612431059784985e+09 2.6117852868988941e+27
205 2.7616024480098806e-06 4.5894032125616264e+09 2.7105640412236360e+27
206 2.8408836761087945e-06 4.7212457624939728e+09 2.8130799336579901e+27
207 2.9224409425757235e-06 4.8568764583944044e+09 2.9194325215995317e+27
208 3.0063395888638279e-06 4.9964044581754332e+09 3.0298453264779412e+27
209 3.0926468322758082e-06 5.1399417269180889e+09 3.1444543706695290e+27
210 3.1814318198165508e-06 5.2876032206617022e+09 3.2633351396226212e+27
211 3.2727656835918325e-06 5.4395077344983978e+09 3.3867203757292932e+27
212 3.3667215977974140e-06 5.5957773397063532e+09 3.5148107901082884e+27
213 3.4633748373442103e-06 5.7565371232905436e+09 3.6476720395986158e+27
214 3.5628028381664851e-06 5.9219163055884228e+09 3.7855274230294707e+27
215 3.6650852592614145e-06 6.0920479438042727e+09 3.9286429623725938e+27
216 3.7703040465096904e-06 6.2670682533921347e+09 4.0771021501256818e+27
217 3.8785434983283272e-06 6.4471177425885782e+09 4.2311003476121705e+27
218 3.9898903332082431e-06 6.6323413737287388e+09 4.3909586430276437e+27
219 4.1044337591907512e-06 6.8228875941175728e+09 4.5568132580525995e+27
220 4.2222655453386023e-06 7.0189091649603605e+09 4.7288190525035486e+27
221 4.3434800952588536e-06 7.2205639270317621e+09 4.9073330876127602e+27
222 4.4681745227364439e-06 7.4280137413004274e+09 5.0925763288209581e+27
223 4.5964487295391295e-06 7.6414247260875130e+09 5.2846649103246488e+27
224 4.7284054854560288e-06 7.8609686438027353e+09 5.4839667473516454e+27
225 4.8641505106339815e-06 8.0868219952756100e+09 5.6908047963642267e+27
226 5.0037925602776315e-06 8.3191655376375256e+09 5.9052809237477576e+27
227 5.1474435117811330e-06 8.5581860814187279e+09 6.1277442362630912e+27
228 5.2952184543612578e-06 8.8040760332670822e+09 6.3586187042823948e+27
229 5.4472357812637332e-06 9.0570322495785942e+09 6.5980365701647240e+27
230 5.6036172846166701e-06 9.3172578262136192e+09 6.8462992228729324e+27
231 5.7644882530070923e-06 9.5849623941782761e+09 7.1039137109427551e+27
232 5.9299775718587254e-06 9.8603605236595745e+09 7.3710974005924524e+27
233 6.1002178266914878e-06 1.0143672986434076e+10 7.6480851753675132e+27
234 6.2753454093453596e-06 1.0435128027721497e+10 7.9354395995291067e+27
235 6.4555006272538288e-06 1.0734959622268291e+10 8.2336776558611000e+27
236 6.6408278158543511e-06 1.1043407820838192e+10 8.5430672914741667e+27
237 6.8314754542259696e-06 1.1360720996402552e+10 8.8641930341664760e+27
238 7.0275962840466858e-06 1.1687154382086269e+10 9.1975825074037586e+27
239 7.2293474319659278e-06 1.2022969204485775e+10 9.5434045208169752e+27
240 7.4368905354901212e-06 1.2368435556813532e+10 9.9022161226786142e+27
241 7.6503918724822512e-06 1.2723831705751730e+10 1.0274708518138335e+28
242 7.8700224943791240e-06 1.3089442176487465e+10 1.0661105965079315e+28
243 8.0959583632331288e-06 1.3465560558665356e+10 1.1061889710064766e+28
244 8.3283804926881979e-06 1.3852490043866432e+10 1.1477883431696047e+28
245 8.5674750930030238e-06 1.4250540820561584e+10 1.1909453078083145e+28
246 8.8134337202375916e-06 1.4660031981493557e+10 1.2356972783861652e+28
247 9.0664534297226960e-06 1.5081293634345423e+10 1.2821345401851099e+28
248 9.3267369339352650e-06 1.5514664138931269e+10 1.3303152633914244e+28
249 9.5944927649060667e-06 1.5960490423134611e+10 1.3802668219447277e+28
250 9.8699354412898702e-06 1.6419131641561718e+10 1.4320803924264916e+28
251 1.0153285640231919e-05 1.6890956892654600e+10 1.4858388368441689e+28
252 1.0444770374168456e-05 1.7376343682424587e+10 1.5415656248436286e+28
253 1.0744623172702862e-05 1.7875682511383209e+10 1.5993442573240906e+28
254 1.1053084269703194e-05 1.8389375835641788e+10 1.6592800876992465e+28
255 1.1370400795771007e-05 1.8917834878854446e+10 1.7214027481114763e+28
256 1.1696826976235617e-05 1.9461484026808758e+10 1.7857787297935771e+28
257 1.2032624334832522e-05 2.0020761795522778e+10 1.8525275629147706e+28
258 1.2378061903229037e-05 2.0596116586010059e+10 1.9216945102249677e+28
259 1.2733416436565134e-05 2.1188009555528790e+10 1.9933190848143224e+28
260 1.3098972635182092e-05 2.1796918112276917e+10 2.0675176735569911e+28
261 1.3475023372716632e-05 2.2423331475787827e+10 2.1443488725991526e+28
262 1.3861869930743264e-05 2.3067750952828377e+10 2.2238069079798657e+28
263 1.4259822240152860e-05 2.3730695857564461e+10 2.3059587671598313e+28
264 1.4669199129460816e-05 2.4412699904751194e+10 2.3908146029309630e+28
265 1.5090328580243739e-05 2.5114308526461777e+10 2.4782016341759172e+28
266 1.5523547989909320e-05 2.5836086166952030e+10 2.5677114414741586e+28
267 1.5969204442009924e-05 2.6578614950357140e+10 2.6581484584075548e+28
268 1.6427654984316455e-05 2.7342492825039841e+10 2.7434330023870883e+28
269 1.6899266914875255e-05 2.8128397498466507e+10 2.8001943118722359e+28
270 1.7384418076277274e-05 2.8936845826727577e+10 2.8948927601476016e+28
271 1.7883497158375230e-05 2.9768525603540112e+10 2.9973185138940299e+28
272 1.8396904009691261e-05 3.0624111282965611e+10 3.1047496561316622e+28
273 1.8925049957764721e-05 3.1504294199081875e+10 3.2168162297823067e+28
274 1.9468358138696458e-05 3.2409782176863625e+10 3.3334123306648190e+28
275 2.0027263836153974e-05 3.3341299912907795e+10 3.4544620192225920e+28
276 2.0602214830108754e-05 3.4299598579230572e+10 3.5800672166533682e+28
277 2.1193671755585401e-05 3.5285450227249992e+10 3.7103362795214139e+28
278 2.1802108471709736e-05 3.6299643237296623e+10 3.8452432412603989e+28
279 2.2428012441351890e-05 3.7342993824507721e+10 3.9848731336615608e+28
280 2.3071885121668156e-05 3.8416343788416496e+10 4.1293346647940932e+28
281 2.3734242365854799e-05 3.9520551930664459e+10 4.2785151030113391e+28
282 2.4415614836435520e-05 4.0656504542417130e+10 4.4322580005657768e+28
283 2.5116548430413755e-05 4.1825118223179749e+10 4.5902668402469792e+28
284 2.5837604716630486e-05 4.3027328511491547e+10 4.7513806702351948e+28
285 2.6579361385677816e-05 4.4264009491415115e+10 4.7792791931340136e+28
286 2.7342412712728871e-05 4.5536357136240761e+10 4.9534217864073995e+28
287 2.8127370033654861e-05 4.6845289685837128e+10 5.1357333210650580e+28
288 2.8934862234810658e-05 4.8191855233064537e+10 5.3257827953955977e+28
289 2.9765536256881366e-05 4.9577139635159828e+10 5.5238113684391208e+28
290 3.0620057613193494e-05 5.1002260434463608e+10 5.7299095279270522e+28
291 3.1499110922906085e-05 5.2468357913218391e+10 5.9440181102682983e+28
292 3.2403400459508844e-05 5.3976612997358330e+10 6.1663675624491376e+28
293 3.3333650715066833e-05 5.5528244289384552e+10 6.3973413278365388e+28
294 3.4290606980663714e-05 5.7124494101807022e+10 6.6370579909471803e+28
295 3.5275035943508583e-05 5.8766644812798798e+10 6.8857686632111364e+28
296 3.6287726301184810e-05 6.0456024251991982e+10 7.1439683799445709e+28
297 3.7329489393533038e-05 6.2193988048182434e+10 7.4119021168604244e+28
298 3.8401159852674399e-05 6.3981928920126320e+10 7.6897788998808330e+28
299 3.9503596271695069e-05 6.5821292217828987e+10 7.9781398717405356e+28
300 4.0637681892527507e-05 6.7713558238290108e+10 8.2773741988659540e+28
301 4.1804325313579780e-05 6.9660240664097809e+10 8.5876547617947403e+28
302 4.3004461217679774e-05 7.1662911132976135e+10 8.9095222388151755e+28
303 4.4239051120917559e-05 7.3723185779190613e+10 9.2435117708199669e+28
304 4.5509084142985779e-05 7.5842712043130981e+10 9.5898005895425745e+28
305 4.6815577799635304e-05 7.8023197352438751e+10 9.9488847538696048e+28
306 4.8159578817881094e-05 8.0266404754868256e+10 1.0321429099053171e+29
307 4.9542163974611234e-05 8.2574130136895981e+10 1.0707676056435525e+29
308 5.0964440959271134e-05 8.4948227430331116e+10 1.1108034316293248e+29
309 5.2427549261314170e-05 8.7390617812962860e+10 1.1523260022121504e+29
310 5.3932661083129317e-05 8.9903261604605759e+10 1.1953726441941575e+29
311 5.5480982279177753e-05 9.2488171824540924e+10 1.2399724904888415e+29
312 5.7073753322090560e-05 9.5147439437785889e+10 1.2862035546311114e+29
313 5.8712250296501417e-05 9.7883205536540634e+10 1.3341198345908906e+29
314 6.0397785921410753e-05 1.0069765758781094e+11 1.3837390126701239e+29
315 6.2131710601900299e-05 1.0359306862093428e+11 1.4351295081906455e+29
316 6.3915413511040852e-05 1.0657177642937271e+11 1.4883557376281159e+29
317 6.5750323702859750e-05 1.0963616152860460e+11 1.5434282544080393e+29
318 6.7637911257259663e-05 1.1278869197617752e+11 1.6003812529034227e+29
319 6.9579688457806869e-05 1.1603191724697482e+11 1.6592482057453773e+29
320 7.1577211003331109e-05 1.1936843199342081e+11 1.7200221628419983e+29
321 7.3632079254309322e-05 1.2280091267233537e+11 1.7826393289600023e+29
322 7.5745939515030431e-05 1.2633213035355724e+11 1.8468880666755833e+29
323 7.7920485352569522e-05 1.2996490786043497e+11 1.9123750354831788e+29
324 8.0157458953627461e-05 1.3370213080821649e+11 1.9780052284874338e+29
325 8.2458652520323340e-05 1.3754634740262137e+11 1.9735010414815430e+29
326 8.4825909706057624e-05 1.4150161041973038e+11 2.0365565000338903e+29
327 8.7261127092597165e-05 1.4557060998693600e+11 2.1052918973272543e+29
328 8.9766255709564452e-05 1.4975664357042966e+11 2.1780915552745613e+29
329 9.2343302597549374e-05 1.5406309776891888e+11 2.2545584856273183e+29
330 9.4994332416095212e-05 1.5849341713740277e+11 2.3344049268828590e+29
331 9.7721469097847448e-05 1.6305117452894324e+11 2.4174794262016379e+29
332 1.0052689755019055e-04 1.6774006268625626e+11 2.5037160367493329e+29
333 1.0341286540573628e-04 1.7256383568917438e+11 2.5930902429814997e+29
334 1.0638168482306506e-04 1.7752636868291263e+11 2.6855638969606059e+29
335 1.0943573433916471e-04 1.8263168381922867e+11 2.7811394706059821e+29
336 1.1257746077504899e-04 1.8788388144543103e+11 2.8798090339721581e+29
337 1.1580938119608394e-04 1.9328716766218622e+11 2.9815311922920799e+29
338 1.1913408492859159e-04 1.9884591541523599e+11 3.0864895193523226e+29
339 1.2255423563434779e-04 2.0456459929505270e+11 3.1950242177143786e+29
340 1.2607257344463493e-04 2.1044778925551791e+11 3.3072052493155154e+29
341 1.2969191715556051e-04 2.1650024086180139e+11 3.4232098479768751e+29
342 1.3341516648639925e-04 2.2272684866209570e+11 3.5432274898663578e+29
343 1.3724530440276924e-04 2.2913258843181158e+11 3.6673397280281930e+29
344 1.4118539950650220e-04 2.3572262319938055e+11 3.7957194059319430e+29
345 1.4523860849412375e-04 2.4250229415341870e+11 3.9286037930571157e+29
346 1.4940817868591203e-04 2.4947702951247141e+11 4.0661110366183770e+29
347 1.5369745062756212e-04 2.5665243142058655e+11 4.2083990988372959e+29
348 1.5810986076654010e-04 2.6403431994404541e+11 4.3557413695983158e+29
349 1.6264894420527076e-04 2.7162862595927634e+11 4.5083118731461962e+29
350 1.6731833753336482e-04 2.7944143063173981e+11 4.6666056569992643e+29
351 1.7212178174115552e-04 2.8747906576487054e+11 4.8312163696423911e+29
352 1.7706312521687767e-04 2.9574801160783557e+11 5.0021253562260398e+29
353 1.8214632682989119e-04 3.0425487179007996e+11 5.1792381310772217e+29
354 1.8737545910241886e-04 3.1300652351191376e+11 5.3626479549573606e+29
355 1.9275471147234014e-04 3.2201004721966083e+11 5.5524570520312383e+29
356 1.9828839364965410e-04 3.3127263195449792e+11 5.7485473445906411e+29
357 2.0398093906930141e-04 3.4080173903653149e+11 5.9508726626926740e+29
358 2.0983690844311118e-04 3.5060509116513135e+11 6.1593639771141785e+29
359 2.1586099341371865e-04 3.6069052649922815e+11 6.3735263564292068e+29
360 2.2205802031338115e-04 3.7106612701373895e+11 6.5924413465266422e+29
361 2.2843295403070368e-04 3.8174028388840802e+11 6.8140762546438905e+29
362 2.3499090198837150e-04 3.9272154624817950e+11 7.0324384115621663e+29
363 2.4173711823507831e-04 4.0401874588339270e+11 7.2321920589691477e+29
364 2.4867700765492600e-04 4.1564129223115607e+11 7.3746749155444566e+29
365 2.5581613029767040e-04 4.2759830522920355e+11 7.5441729317892846e+29
366 2.6316020583328073e-04 4.3989939118587720e+11 7.7281223960134428e+29
367 2.7071511813438355e-04 4.5255433883711401e+11 7.9094555630134679e+29
368 2.7848691999026007e-04 4.6557303700420624e+11 8.0786611175716816e+29
369 2.8648183795617602e-04 4.7896590323652576e+11 8.2271276571402222e+29
370 2.9470627734192730e-04 4.9274361380976959e+11 8.3672309343061811e+29
371 3.0316682734359923e-04 5.0691725590271155e+11 8.5024531858052700e+29
372 3.1187026632265019e-04 5.2149812351816553e+11 8.6331336966632126e+29
373 3.2082356723655013e-04 5.3649786017701288e+11 8.7613542519297984e+29
374 3.3003390322532285e-04 5.5192858102525244e+11 8.8874980547767870e+29
375 3.3950865335847022e-04 5.6780263185787097e+11 9.0126796886971260e+29
376 3.4925540854688076e-04 5.8413267011975293e+11 9.1379179215180012e+29
377 3.5928197762446069e-04 6.0093187028237439e+11 9.2634836775896405e+29
378 3.6959639360435687e-04 6.1821373360884607e+11 9.3897632388806033e+29
379 3.8020692011478901e-04 6.3599202193388733e+11 9.5177139016173853e+29
380 3.9112205801964132e-04 6.5428104994213538e+11 9.6474122311371774e+29
381 4.0235055222912397e-04 6.7309555659469373e+11 9.7789583201098608e+29
382 4.1390139870595437e-04 6.9245053702091626e+11 9.9128838793466914e+29
383 4.2578385167267796e-04 7.1236153374343872e+11 1.0049363524474433e+30
384 4.3800743102589805e-04 7.3284461069371729e+11 1.0187391110440074e+30
385 4.5058192996335673e-04 7.5391613486216675e+11 1.0326004744313721e+30
386 4.6351742282997734e-04 7.7559295623311145e+11 1.0464017238316003e+30
387 4.7682427318915407e-04 7.9789252281566028e+11 1.0599466713264645e+30
388 4.9051314212575673e-04 8.2083265140428809e+11 1.0731554211598093e+30
389 5.0459499678749914e-04 8.4443163745716418e+11 1.0866096433325701e+30
390 5.1908111917151913e-04 8.6870849943905994e+11 1.1008921741355373e+30
391 5.3398311516320615e-04 8.9368279266484082e+11 1.1162402112590493e+30
392 5.4931292383451989e-04 9.1937452950946545e+11 1.1328543251059441e+30
393 5.6508282700924728e-04 9.4580438032192505e+11 1.1505830241771325e+30
394 5.8130545910286516e-04 9.7299364439615723e+11 1.1691008579594793e+30
395 5.9799381724488874e-04 1.0009640271174049e+12 1.1883178143391367e+30
396 6.1516127169181599e-04 1.0297379601966576e+12 1.2082218014859606e+30
397 6.3282157653901184e-04 1.0593386502560511e+12 1.2287621477177926e+30
398 6.5098888074011400e-04 1.0897897713516345e+12 1.2499930578098751e+30
399 6.6967773944278731e-04 1.1211156911563049e+12 1.2719403834316137e+30
400 6.8890312564991087e-04 1.1533416802864878e+12 1.2946055893179571e+30
401 7.0868044221553930e-04 1.1864935828937080e+12 1.3180387386558312e+30
402 7.2902553418524628e-04 1.2205978750633833e+12 1.3422773895119582e+30
403 7.4995470149074467e-04 1.2556820417919045e+12 1.3673339237624361e+30
404 7.7148471200894509e-04 1.2917742959262952e+12 1.3932500829261474e+30
405 7.9363281499592053e-04 1.3289034412690974e+12 1.4200743548125651e+30
406 8.1641675490653934e-04 1.3670993395443499e+12 1.4478194162763927e+30
407 8.3985478561083736e-04 1.4063927612231401e+12 1.4765137116614348e+30
408 8.6396568501851995e-04 1.4468151138936301e+12 1.5062515539380549e+30
409 8.8876877012331089e-04 1.4883988095542781e+12 1.5370188847743634e+30
410 9.1428391247919767e-04 1.5311773714386592e+12 1.5688307569049829e+30
411 9.4053155412097955e-04 1.5751850608834929e+12 1.6017901550851832e+30
412 9.6753272394186577e-04 1.6204571318081978e+12 1.6359609187439959e+30
413 9.9530905454125302e-04 1.6670300270939189e+12 1.6712825323639795e+30
414 1.0238827995561678e-03 1.7149411212891589e+12 1.7078333812500952e+30
415 1.0532768514902777e-03 1.7642287564740520e+12 1.7457298333645588e+30
416 1.0835147600547353e-03 1.8149326328842437e+12 1.7849999279908827e+30
417 1.1146207510355677e-03 1.8670934593465190e+12 1.8256073848326672e+30
418 1.1466197457027094e-03 1.9207529341234021e+12 1.8676553894322435e+30
419 1.1795373807762463e-03 1.9759542254507104e+12 1.9112056327286271e+30
420 1.2134000289658535e-03 2.0327417934595674e+12 1.9563078476447715e+30
421 1.2482348200998910e-03 2.0911610559582175e+12 2.0030558606648526e+30
422 1.2840696628610791e-03 2.1512588482252397e+12 2.0514207853638226e+30
423 1.3209332671461733e-03 2.2130836037642246e+12 2.1014357283266191e+30
424 1.3588551670675496e-03 2.2766848609667773e+12 2.1532139762973025e+30
425 1.3978657446151277e-03 2.3421136045443672e+12 2.2068548474028975e+30
426 1.4379962539975892e-03 2.4094225670887148e+12 2.2623477904294919e+30
427 1.4792788466823996e-03 2.4786656956201968e+12 2.3196267651921475e+30
428 1.5217465971546810e-03 2.5498983943739199e+12 2.3787519298484393e+30
429 1.5654335294155895e-03 2.6231780200967417e+12 2.4396680422749588e+30
430 1.6103746442414119e-03 2.6985634826471016e+12 2.5023730649871453e+30
431 1.6566059472252345e-03 2.7761150873648101e+12 2.5669143841459308e+30
432 1.7041644776236366e-03 2.8558951549747998e+12 2.6335518495255742e+30
433 1.7530883380315354e-03 2.9379677807763843e+12 2.7025677816307340e+30
434 1.8034167249089382e-03 3.0223986135244233e+12 2.7741000296901912e+30
435 1.8551899599840796e-03 3.1092554706101885e+12 2.8484535811444049e+30
436 1.9084495225580862e-03 3.1986084244408267e+12 2.9258492417232096e+30
437 1.9632380827370602e-03 3.2905290960930645e+12 3.0063751776106563e+30
438 2.0195995356182008e-03 3.3850911743393955e+12 3.0900934352145536e+30
439 2.0775790364573579e-03 3.4823708575283066e+12 3.1768535864482006e+30
440 2.1372230368461877e-03 3.5824461185859351e+12 3.2665463169829496e+30
441 2.1985793219279032e-03 3.6853970501266714e+12 3.3593061089330217e+30
442 2.2616970486814170e-03 3.7913065583875879e+12 3.4552069588800304e+30
443 2.3266267853045749e-03 3.9002598314911904e+12 3.5543579400920395e+30
444 2.3934205517280155e-03 4.0123440400275303e+12 3.6568846858112793e+30
445 2.4621318612921142e-03 4.1276493284754683e+12 3.7629191283466558e+30
446 2.5328157636204055e-03 4.2462685704773291e+12 3.8726114195965316e+30
447 2.6055288887238477e-03 4.3682966705945107e+12 3.9860097907306465e+30
448 2.6803294923712288e-03 4.4938314299094570e+12 4.1030125641604639e+30
449 2.7572775027621039e-03 4.6229740125090127e+12 4.2237891627114283e+30
450 2.8364345685396265e-03 4.7558279269574355e+12 4.3484673335568423e+30
451 2.9178641081817596e-03 4.8924996499959131e+12 4.4771671059980898e+30
452 3.0016313608104282e-03 5.0330993387953955e+12 4.6101044284797625e+30
453 3.0878034384593149e-03 5.1777398995939248e+12 4.7474357178231742e+30
454 3.1764493798421959e-03 5.3265370906647744e+12 4.8892424959191144e+30
455 3.2676402056648637e-03 5.4796107504864121e+12 5.0357436267811713e+30
456 3.3614489755249815e-03 5.6370840319170234e+12 5.1871423496064992e+30
457 3.4579508464454346e-03 5.7990827023738975e+12 5.3432336819135990e+30
458 3.5572231330880818e-03 5.9657369152728076e+12 5.5040554231598470e+30
459 3.6593453696961509e-03 6.1371809426581328e+12 5.6698981863028494e+30
460 3.7643993738149025e-03 6.3135519823450576e+12 5.8408353852623982e+30
461 3.8724693118416089e-03 6.4949916170639346e+12 6.0170413169131309e+30
462 3.9836417664573720e-03 6.6816461425361914e+12 6.1988642633168198e+30
463 4.0980058059948022e-03 6.8736651543163164e+12 6.3864222048172167e+30
464 4.2156530557971323e-03 7.0712024938280283e+12 6.5798093789468740e+30
465 4.3366777716259399e-03 7.2744174264202256e+12 6.7794089976538055e+30
466 4.4611769151762844e-03 7.4834731596792139e+12 6.9854345951004198e+30
467 4.5892502317597715e-03 7.6985369209098027e+12 7.1978922120482608e+30
468 4.7210003302177650e-03 7.9197818960823633e+12 7.4170773181312864e+30
469 4.8565327651287965e-03 8.1473857850402998e+12 7.6428465501212975e+30
470 4.9959561213759962e-03 8.3815304768614043e+12 7.8751066310185208e+30
471 5.1393821011423493e-03 8.6224042857992646e+12 8.1142246429288906e+30
472 5.2869256134034162e-03 8.8702013810059355e+12 8.3607404724149638e+30
473 5.4387048659892794e-03 9.1251199837869102e+12 8.6146826948951034e+30
474 5.5948414602894113e-03 9.3873646885384238e+12 8.8763116165878134e+30
475 5.7554604886763949e-03 9.6571470717751699e+12 9.1463008042754099e+30
476 5.9206906347265137e-03 9.9346833240372812e+12 9.4248182472799713e+30
477 6.0906642763175131e-03 1.0220195695698053e+13 9.7119735254851067e+30
478 6.2655175916861367e-03 1.0513914517886150e+13 1.0008524412193360e+31
479 6.4453906685304147e-03 1.0816075737097549e+13 1.0314886646976109e+31
480 6.6304276162440908e-03 1.1126920899857818e+13 1.0631032449243890e+31
481 6.8207766813731452e-03 1.1446700524313332e+13 1.0957732451967650e+31
482 7.0165903663868536e-03 1.1775672120964975e+13 1.1295725553051254e+31
483 7.2180255518586216e-03 1.2114098305551734e+13 1.1644643083109030e+31
484 7.4252436221543955e-03 1.2462250745832541e+13 1.2004344994484660e+31
485 7.6384105947294141e-03 1.2820410289314102e+13 1.2375930163221368e+31
486 7.8576972531368573e-03 1.3188863315651867e+13 1.2759574744796297e+31
487 8.0832792838549591e-03 1.3567905511417018e+13 1.3155917341158667e+31
488 8.3153374170422158e-03 1.3957843009072219e+13 1.3566445988241654e+31
489 8.5540575713334479e-03 1.4358988307332871e+13 1.3991742996227671e+31
490 8.7996310027927266e-03 1.4771662529036998e+13 1.4432286242526053e+31
491 9.0522544581425075e-03 1.5196198960786992e+13 1.4889803943684982e+31
492 9.3121303323917461e-03 1.5632938858267486e+13 1.5365475469728074e+31
493 9.5794668309892202e-03 1.6082231185465117e+13 1.5859698764648830e+31
494 9.8544781366320493e-03 1.6544438400847537e+13 1.6374333069512695e+31
495 1.0137384580863043e-02 1.7019933155593664e+13 1.6911278474421270e+31
496 1.0428412820594288e-02 1.7509095201155693e+13 1.7471106156051630e+31
497 1.0727796019698480e-02 1.8012318342025160e+13 1.8055711300193729e+31
498 1.1035774035813455e-02 1.8530009253079016e+13 1.8667753941117678e+31
499 1.1352593612509551e-02 1.9062581926559676e+13 1.9308365819828874e+31
500 1.1678508576973837e-02 1.9610463959033195e+13 1.9979451595396744e+31
501 1.2013780043369528e-02 2.0174098689076902e+13 2.0684399025059277e+31
502 1.2358676622033464e-02 2.0753938172832207e+13 2.1425335303627797e+31
503 1.2713474634679435e-02 2.1350446701148395e+13 2.2204293654318041e+31
504 1.3078458335779542e-02 2.1964106958311984e+13 2.3025270785147842e+31
505 1.3453920140301152e-02 2.2595412688870422e+13 2.3891378964360757e+31
506 1.3840160857981735e-02 2.3244868391742172e+13 2.4805046569301704e+31
507 1.4237489934329431e-02 2.3912999020715645e+13 2.5770936454160962e+31
508 1.4646225698542341e-02 2.4600344497650641e+13 2.6794055733431048e+31
509 1.5066695618545163e-02 2.5307454186534051e+13 2.7877985270376297e+31
510 1.5499236563347549e-02 2.6034898441275082e+13 2.9028107016282585e+31
511 1.5944195072934368e-02 2.6783266877989113e+13 3.0251024882206995e+31
512 1.6401927635904038e-02 2.7553158935043070e+13 3.1552089536556296e+31
513 1.6872800975077488e-02 2.8345193962908352e+13 3.2937715705067369e+31
514 1.7357192341306431e-02 2.9160015053711398e+13 3.4416092638183150e+31
515 1.7855489815716441e-02 2.9998277492740281e+13 3.5994921585214791e+31
516 1.8368092620626972e-02 3.0860654012602848e+13 3.7682303950401659e+31
517 1.8895411439397332e-02 3.1747845099595562e+13 3.9488098753303423e+31
518 1.9437868745454997e-02 3.2660567733369309e+13 4.1422654297950937e+31
519 1.9995899140769754e-02 3.3599553605570406e+13 4.3496742949469652e+31
520 2.0569949704044955e-02 3.4565564804841715e+13 4.5722267100982924e+31
521 2.1160480348904716e-02 3.5559385629563328e+13 4.8112206484540596e+31
522 2.1767964192364174e-02 3.6581813661871109e+13 5.0681080201605620e+31
523 2.2392887933877899e-02 3.7633677303954930e+13 5.3443724555477716e+31
524 2.3035752245270210e-02 3.8715833611887852e+13 5.6415612952670238e+31
525 2.3697072171859734e-02 3.9829154050916023e+13 5.9615716153994889e+31
526 2.4377377545099655e-02 4.0974538955834703e+13 6.3063414402749554e+31
527 2.5077213407064199e-02 4.2152923587484039e+13 6.6776751691884492e+31
528 2.5797140447121433e-02 4.3365261800973336e+13 7.0779053986640986e+31
529 2.6537735451142314e-02 4.4612532884472820e+13 7.5096509338635348e+31
530 2.7299591763605694e-02 4.5895756115898234e+13 7.9750472185788556e+31
531 2.8083319762969749e-02 4.7215976062373422e+13 8.4767674767898827e+31
532 2.8889547350690499e-02 4.8574259848404281e+13 9.0183384450530425e+31
533 2.9718920454279339e-02 4.9971717319602547e+13 9.6024227532185719e+31
534 3.0572103544802422e-02 5.1409491559905469e+13 1.0231896138639097e+32
535 3.1449780169236823e-02 5.2888748169725125e+13 1.0911302992706539e+32
536 3.2352653498109618e-02 5.4410695360550695e+13 1.1644205422946023e+32
537 3.3281446888858958e-02 5.5976582315240273e+13 1.2433585136370786e+32
538 3.4236904465368201e-02 5.7587684664074711e+13 1.3284867829916046e+32
539 3.5219791714137708e-02 5.9245318698380805e+13 1.4203067747302507e+32
540 3.6230896097571678e-02 6.0950847663798445e+13 1.5191328204393895e+32
541 3.7271027684871519e-02 6.2705674204091211e+13 1.6275080550875017e+32
542 3.8341019801041105e-02 6.4511241250231141e+13 1.7484838298359562e+32
543 3.9441729694524107e-02 6.6368996863288594e+13 1.8687627158055630e+32
544 4.0574039224007853e-02 6.8280458690599914e+13 1.9794503842300951e+32
545 4.1738855564944603e-02 7.0247252607641312e+13 2.0762222915196218e+32
546 4.2937111936355583e-02 7.2270881059256984e+13 2.1760500626938211e+32
547 4.4169768348500602e-02 7.4352867684928359e+13 2.2987308705186004e+32
548 4.5437812372012110e-02 7.6494833293226781e+13 2.4347005481477461e+32
549 4.6742259929109679e-02 7.8698609739845109e+13 2.5803131564096379e+32
550 4.8084156107529211e-02 8.0966312916368859e+13 2.7413414502314851e+32
551 4.9464575997818616e-02 8.3299773254493578e+13 2.9256916413320731e+32
552 5.0884625554671083e-02 8.5700866850413438e+13 3.1367739696789513e+32
553 5.2345442482985630e-02 8.8171550954642000e+13 3.3598069396765891e+32
554 5.3848197149365215e-02 9.0713876259583156e+13 3.5929332266212313e+32
555 5.5394093519782563e-02 9.3329962565127250e+13 3.8417772556535039e+32
556 5.6984370124164650e-02 9.6021959330096547e+13 4.1064944571165072e+32
557 5.8620301048669200e-02 9.8792097868359984e+13 4.3876941967688167e+32
558 6.0303196956447570e-02 1.0164271584330047e+14 4.6869167556548149e+32
559 6.2034406137712286e-02 1.0457616510741586e+14 5.0045258297049512e+32
560 6.3815315589950350e-02 1.0759486344412681e+14 5.3408202868736414e+32
561 6.5647352129147754e-02 1.1070136125130075e+14 5.6976532418467441e+32
562 6.7531983532915257e-02 1.1389823808489677e+14 6.0759310837477058e+32
563 6.9470719716432011e-02 1.1718811386417227e+14 6.4758582485756538e+32
564 7.1465113942148009e-02 1.2057376681667989e+14 6.8992331405788508e+32
565 7.3516764064215867e-02 1.2405803751367947e+14 7.3476699894947832e+32
566 7.5627313808647539e-02 1.2764377191139464e+14 7.8217042837313617e+32
567 7.7798454090222943e-02 1.3133397765343870e+14 8.3229811136739015e+32
568 8.0031924367204577e-02 1.3513178763397714e+14 8.8537307047026691e+32
569 8.2329514034943999e-02 1.3904032986808883e+14 9.4149678356040940e+32
570 8.4693063859496362e-02 1.4306290156065609e+14 1.0007513366085559e+33
571 8.7124467452391982e-02 1.4720296446582725e+14 1.0633445456626793e+33
572 8.9625672787746163e-02 1.5146395591698028e+14 1.1294801553942521e+33
573 9.2198683762922742e-02 1.5584940331192397e+14 1.1993756497532381e+33
574 9.4845561804001929e-02 1.6036308673431038e+14 1.2732285083735800e+33
575 9.7568427517338602e-02 1.6500880829768000e+14 1.3513389153638490e+33
576 1.0036946238853406e-01 1.6979041154274897e+14 1.4341152861486169e+33
577 1.0325091053018282e-01 1.7471200011452684e+14 1.5217794832849780e+33
578 1.0621508047979414e-01 1.7977778337646884e+14 1.6146598852662271e+33
579 1.0926434704932933e-01 1.8499200256073972e+14 1.7134536569792891e+33
580 1.1240115322783605e-01 1.9035915871229516e+14 1.8185093202045226e+33
581 1.1562801213870462e-01 1.9588390580136022e+14 1.9300641737688876e+33
582 1.1894750905311338e-01 2.0157095777597388e+14 2.0491611589893826e+33
583 1.2236230346127790e-01 2.0742519978390659e+14 2.1766418851973204e+33
584 1.2587513120316121e-01 2.1345171446422162e+14 2.3126503890425160e+33
585 1.2948880666035467e-01 2.1965575954643078e+14 2.4585117530150094e+33
586 1.3320622501088297e-01 2.2604277058358212e+14 2.6158282405988600e+33
587 1.3703036454874198e-01 2.3261829287809084e+14 2.7848321912149140e+33
588 1.4096428907002675e-01 2.3938816395073962e+14 2.9669401951777512e+33
589 1.4501115032756071e-01 2.4635853180583788e+14 3.1647264128143950e+33
590 1.4917419055599407e-01 2.5353551653290412e+14 3.3789990462367328e+33
591 1.5345674506939389e-01 2.6092555295617222e+14 3.6110560149327868e+33
592 1.5786224493340609e-01 2.6853566187753150e+14 3.8644316881069484e+33
593 1.6239421971413215e-01 2.7637276285008778e+14 4.1411877621983950e+33
594 1.6705630030592017e-01 2.8444382194899838e+14 4.4425928550216920e+33
595 1.7185222184033899e-01 2.9275680829597669e+14 4.7728899179732881e+33
596 1.7678582667866294e-01 3.0131976353298125e+14 5.1358828078297622e+33
597 1.8186106749026737e-01 3.1014030598890888e+14 5.5333903937642194e+33
598 1.8708201041939823e-01 3.1922736091432188e+14 5.9700285919002772e+33
599 1.9245283834285709e-01 3.2859041183622644e+14 6.4513025407503383e+33
600 1.9797785422120653e-01 3.3823804499800081e+14 6.9806024015760506e+33
601 2.0366148454618552e-01 3.4818008783784962e+14 7.5629425491678632e+33
602 2.0950828288709272e-01 3.5842766766034362e+14 8.2049190736551143e+33
603 2.1552293353898264e-01 3.6899088123014394e+14 8.9122956526721738e+33
604 2.2171025527559413e-01 3.7988049166867062e+14 9.6913124869112302e+33
605 2.2807520521002070e-01 3.9110930361534575e+14 1.0548946083340393e+34
606 2.3462288276621385e-01 4.0268952366846575e+14 1.1493163768926763e+34
607 2.4135853376450200e-01 4.1463316827164581e+14 1.2532949764698463e+34
608 2.4828755462439889e-01 4.2695466726836331e+14 1.3675673234678716e+34
609 2.5541549668806707e-01 4.3966872441165175e+14 1.4930303350554572e+34
610 2.6274807066790135e-01 4.5278930457278131e+14 1.6309830833950125e+34
611 2.7029115122179609e-01 4.6633253172661819e+14 1.7823339965571494e+34
612 2.7805078165975999e-01 4.8031567758587406e+14 1.9479617746899945e+34
613 2.8603317878565143e-01 4.9475552497643619e+14 2.1295494958960641e+34
614 2.9424473787791133e-01 5.0967033128987562e+14 2.3284142050718997e+34
615 3.0269203781328569e-01 5.2507986584414825e+14 2.5454382040433617e+34
616 3.1138184633764221e-01 5.4100438866668431e+14 2.7825225202629482e+34
617 3.2032112548810282e-01 5.5746521718937469e+14 3.0416173369039841e+34
618 3.2951703717083758e-01 5.7448477181085862e+14 3.3238253817895100e+34
619 3.3897694889898866e-01 5.9208702509890912e+14 3.6311072686189069e+34
620 3.4870843969532012e-01 6.1029758278688538e+14 3.9661237432024286e+34
621 3.5871930616432401e-01 6.2914223140178400e+14 4.3305362680785770e+34
622 3.6901756873864655e-01 6.4864867338767975e+14 4.7264217240098457e+34
623 3.7961147810484031e-01 6.6884791767174200e+14 5.1570570557744446e+34
624 3.9050952181358756e-01 6.8977051623628938e+14 5.6249799650534949e+34
625 4.0172043107969579e-01 7.1144824895279462e+14 6.1327010650214409e+34
626 4.1325318777730619e-01 7.3391819697928512e+14 6.6840260170478719e+34
627 4.2511703163592762e-01 7.5721756956246550e+14 7.2825458587246463e+34
628 4.3732146764305424e-01 7.8138332554984825e+14 7.9315846065673077e+34
629 4.4987627365930272e-01 8.0645899312910738e+14 8.6356104138409943e+34
630 4.6279150825216592e-01 8.3249053553578750e+14 9.3993966669615870e+34
631 4.7607751875466270e-01 8.5952191458709238e+14 1.0227163822942080e+35
632 4.8974494955533887e-01 8.8760366647361200e+14 1.1124245834278300e+35
633 5.0380475062626007e-01 9.1679268949468650e+14 1.2097072361831468e+35
634 5.1826818629582982e-01 9.4714206962656362e+14 1.3150415342725385e+35
635 5.3314684427346171e-01 9.7871012298451588e+14 1.4289997097142068e+35
636 5.4845264493333601e-01 1.0115671512322409e+15 1.5524801007072428e+35
637 5.6419785086467755e-01 1.0457779370069966e+15 1.6860204531917931e+35
638 5.8039507669620660e-01 1.0814085504388221e+15 1.8300660744631296e+35
639 5.9705729920263517e-01 1.1185448503754421e+15 1.9857721970536322e+35
640 6.1419786770130413e-01 1.1572679857631595e+15 2.1539055165952921e+35
641 6.3183051474729168e-01 1.1976507492110700e+15 2.3346721379341173e+35
642 6.4996936713556097e-01 1.2397936328515295e+15 2.5292494686530085e+35
643 6.6862895721896198e-01 1.2838022283383078e+15 2.7388536671868302e+35
644 6.8782423455115582e-01 1.3297574197087268e+15 2.9636714241931026e+35
645 7.0757057786378907e-01 1.3777689085428832e+15 3.2046380732494190e+35
646 7.2788380738751168e-01 1.4279748452445192e+15 3.4633791402132159e+35
647 7.4878019752671576e-01 1.4804720771122185e+15 3.7404902707194674e+35
648 7.7027648989814124e-01 1.5353734718138370e+15 4.0367797168317002e+35
649 7.9238990674380405e-01 1.5928509153364838e+15 4.3539931620844753e+35
650 8.1513816472898382e-01 1.6530319867138995e+15 4.6933519809365200e+35
651 8.3853948913633269e-01 1.7160344513039520e+15 5.0559768594225823e+35
652 8.6261262846747455e-01 1.7820566194686258e+15 5.4435745323663849e+35
653 8.8737686946379102e-01 1.8512725916655262e+15 5.8578936028599060e+35
654 9.1285205255843138e-01 1.9238174657725345e+15 6.3007584813038993e+35
655 9.3905858777192708e-01 1.9999064125588038e+15 6.7740251953720764e+35
656 9.6601747106414015e-01 2.0797705575967582e+15 7.2797459025933845e+35
657 9.9375030115565621e-01 2.1635811120408748e+15 7.8206795191648458e+35
658 1.0222792968320840e+00 2.2515674974464240e+15 8.3993064924210274e+35
659 1.0516273147451429e+00 2.3440194449343110e+15 9.0177828772731225e+35
660 1.0818178677247869e+00 2.4411674404848275e+15 9.6799609035417561e+35
661 1.1128751436170423e+00 2.5432680873527180e+15 1.0389692518234722e+36
662 1.1448240246626455e+00 2.6506628705953755e+15 1.1149147339219144e+36
663 1.1776901074320183e+00 2.7636638890691495e+15 1.1963346611480245e+36
664 1.2114997233325393e+00 2.8825866579637415e+15 1.2838758674656165e+36
665 1.2462799597045466e+00 3.0078183682900940e+15 1.3777824589119707e+36
666 1.2820586815229771e+00 3.1397652761277450e+15 1.4786398120615439e+36
667 1.3188645537220198e+00 3.2788554621594470e+15 1.5875878983133337e+36
668 1.3567270641606812e+00 3.4255368303693295e+15 1.7050399598133162e+36
669 1.3956765472476504e+00 3.5802995763128625e+15 1.8314842250893503e+36
670 1.4357442082443967e+00 3.7437684949951490e+15 1.9690413229634465e+36
671 1.4769621482659763e+00 3.9165267148847265e+15 2.1188013830979934e+36
672 1.5193633899995644e+00 4.0990861483742425e+15 2.2804637095815422e+36
673 1.5629819041613331e+00 4.2924029171564690e+15 2.4583529415378033e+36
674 1.6078526367128589e+00 4.4974292438825390e+15 2.6561844413640360e+36
675 1.6540115368588715e+00 4.7144802894155050e+15 2.8690071276388633e+36
676 1.7014955858487766e+00 4.9451061467476000e+15 3.1081576739073852e+36
677 1.7503428266050205e+00 5.1915565653038140e+15 3.3939613533140689e+36
678 1.8005923942020414e+00 5.4547627981041710e+15 3.7274189509403235e+36
679 1.8522845472202187e+00 5.7359357419093720e+15 4.1125326213470886e+36
680 1.9054606999999524e+00 6.0365312676699440e+15 4.5557464226417295e+36
