# SFHo_cold_beta_1D.d converted to units with G=c=Msun=1
# 
# T = 0.1
# Ye at beta equilibrium 
# 
# 
# 
# 
#
# rho0=nB*mB           epsl=(rho-rho0)/rho0    P
#
1.5856055311198343e-16 2.2204460492503131e-16 3.9033541087579219e-21
1.6315874921086472e-16 2.2204460492503131e-16 4.0277619474069982e-21
1.7275904623649830e-16 2.2204460492503131e-16 4.2885993944498748e-21
1.8292422687043516e-16 2.2204460492503131e-16 4.5663286475796781e-21
1.8822896029800127e-16 2.2204460492503131e-16 4.7118668339133603e-21
1.9368752898959439e-16 2.2204460492503131e-16 4.8620436184111333e-21
1.9930439410971614e-16 2.2204460492503131e-16 5.0170068426358863e-21
2.2344864973978744e-16 2.2204460492503131e-16 5.6878490759316403e-21
2.2992857611093312e-16 2.2204460492503131e-16 5.8691324005757310e-21
2.3659641789720600e-16 2.2204460492503131e-16 6.0561935936820993e-21
2.8086618567463090e-16 2.2204460492503131e-16 7.3106300219606814e-21
4.0728391067271181e-16 2.2204460492503131e-16 1.0992355378222260e-20
4.1909499011483198e-16 2.2204460492503131e-16 1.1342704113223960e-20
4.5662334895867225e-16 2.2204460492503131e-16 1.2462183198355929e-20
5.5778216210116363e-16 2.2204460492503131e-16 1.5522977573335678e-20
6.0772942854376447e-16 2.2204460492503131e-16 1.7055032765718003e-20
6.2535335222881702e-16 2.2204460492503131e-16 1.7598611366417225e-20
6.6214928230556507e-16 2.2204460492503131e-16 1.8738295617933499e-20
7.0111029307691145e-16 2.2204460492503131e-16 1.9951785703677855e-20
7.4236377837158244e-16 2.2204460492503131e-16 2.1243861281839617e-20
8.3229566831096186e-16 2.2204460492503131e-16 2.4084455244164668e-20
8.5643192805546412e-16 2.2204460492503131e-16 2.4852075843905752e-20
1.1728979220765789e-15 2.2204460492503131e-16 3.5095136820274248e-20
1.2069115184208658e-15 2.2204460492503131e-16 3.6213690248236937e-20
1.2419114962008266e-15 2.2204460492503131e-16 3.7367894250170013e-20
1.4327378142002288e-15 2.2204460492503131e-16 4.3714733857076866e-20
1.5170404252628000e-15 2.2204460492503131e-16 4.6545695499380301e-20
1.9621585208429458e-15 2.2204460492503131e-16 6.1732250272050944e-20
2.1378623369599395e-15 2.2204460492503131e-16 6.7824974050071425e-20
2.5378796746629933e-15 2.2204460492503131e-16 8.1873751863947470e-20
2.6872090781422707e-15 1.0523282477952867e-02 8.7175887564832847e-20
2.7643545905338892e-15 1.0203639031830081e-02 8.9926421399084370e-20
2.8437148282814816e-15 9.8899302421049384e-03 9.2763738822063191e-20
2.9253533726388402e-15 9.5832065699106295e-03 9.5690577989969550e-20
3.0093356301767574e-15 9.2851113873355651e-03 9.8709763452059130e-20
3.0957288851849738e-15 8.9985108993875240e-03 1.0182420887647693e-19
3.1846023535785197e-15 8.7197039828654788e-03 1.0503691986209612e-19
3.2760272383516126e-15 8.4459052337153562e-03 1.0835099683907442e-19
3.3700767866235514e-15 8.1820513896604385e-03 1.1176963806092737e-19
3.4668263483223033e-15 7.9266373102844234e-03 1.1529614269100637e-19
3.5663534365528106e-15 7.6755902676934884e-03 1.1893391398635975e-19
3.6687377896983713e-15 7.4325869807745359e-03 1.2268646258204976e-19
3.7740614353048523e-15 7.1983169146343506e-03 1.2655740987909447e-19
3.8824087557989167e-15 6.9684842247763612e-03 1.3055049153930479e-19
3.9938665560929188e-15 6.7447489869489896e-03 1.3466956109038876e-19
4.1085241331306300e-15 6.5295893658234849e-03 1.3891859364480281e-19
4.2264733474295074e-15 6.3193397167202736e-03 1.4330168973593816e-19
4.3478086966768289e-15 6.1135693557583526e-03 1.4782307927534464e-19
4.4726273914386629e-15 5.9157313645497034e-03 1.5248712563481184e-19
4.6010294330423090e-15 5.7233651821668730e-03 1.5729832985724535e-19
4.7331176936946406e-15 5.5344518866546899e-03 1.6226133500040316e-19
4.8689979989004924e-15 5.3523950850937752e-03 1.6738093061768341e-19
5.0087792122471731e-15 5.1762479719505983e-03 1.7266205738028797e-19
5.1525733226229919e-15 5.0031450291250223e-03 1.7810981184522259e-19
5.3004955339396976e-15 4.8355665064079290e-03 1.8372945137373469e-19
5.4526643574307050e-15 4.6740839208319063e-03 1.8952639920493509e-19
5.6092017065990504e-15 4.5157201954439952e-03 1.9550624968950107e-19
5.7702329948911673e-15 4.3615338450890828e-03 2.0167477368851026e-19
5.9358872361747093e-15 4.2133131884780628e-03 2.0803792414261642e-19
6.1062971481009290e-15 4.0685505595021709e-03 2.1460184181694076e-19
6.2815992584344459e-15 3.9268620318666514e-03 2.2137286122722443e-19
6.4619340144355453e-15 3.7906703438714828e-03 2.2835751675295919e-19
6.6474458953827067e-15 3.6583262979799080e-03 2.3556254894339780e-19
6.8382835283254263e-15 3.5283709013236297e-03 2.4299491102252764e-19
7.0345998071601666e-15 3.4031480575154038e-03 2.5066177559928723e-19
7.2365520151247671e-15 3.2820687322370201e-03 2.5857054158950051e-19
7.4443019508094687e-15 3.1631187972784858e-03 2.6672884135620767e-19
7.6580160577855204e-15 3.0479682696302746e-03 2.7514454807528569e-19
7.8778655579552358e-15 2.9370776638426577e-03 2.8382578333346520e-19
8.1040265887302896e-15 2.8283849917500881e-03 2.9278092496607605e-19
8.3366803441481986e-15 2.7225592691431100e-03 3.0201861514208662e-19
8.5760132200400376e-15 2.6208875077524674e-03 3.1154776870423760e-19
8.8222169633656788e-15 2.5216554991873696e-03 3.2137758177232105e-19
9.0754888258362333e-15 2.4245382225713819e-03 3.3151754061790558e-19
9.3360317219467060e-15 2.3312329999509718e-03 3.4197743081907226e-19
9.6040543915455666e-15 2.2406361627222982e-03 3.5276734670399791e-19
9.8797715670713931e-15 2.1516957687999216e-03 3.6389770109249625e-19
1.0163404145590654e-14 2.0660235391978254e-03 3.7537923534492205e-19
1.0455179365774390e-14 1.9832577037202093e-03 3.8722302972813172e-19
1.0755330989955615e-14 1.9019837426821340e-03 3.9944051410850606e-19
1.1064099491413337e-14 1.8233231126265625e-03 4.1204347898235589e-19
1.1381732247033154e-14 1.7476387115755720e-03 4.2504408685435266e-19
1.1708483735498873e-14 1.6735032782950743e-03 4.3845488397496691e-19
1.2044615741173857e-14 1.6013344695189335e-03 4.5228881244823964e-19
1.2390397563835525e-14 1.5320552085438255e-03 4.6655922272157532e-19
1.2746106234430948e-14 1.4644947829021149e-03 4.8127988646960287e-19
1.3112026737026507e-14 1.3983868590634607e-03 4.9646500988454825e-19
1.3488452237129320e-14 1.3349172751584426e-03 5.1212924738593213e-19
1.3875684316563412e-14 1.2733490550369542e-03 5.2828771576283469e-19
1.4274033215088882e-14 1.2129256973087976e-03 5.4495600876236928e-19
1.4683818078957490e-14 1.1547517132650675e-03 5.6215021213844435e-19
1.5105367216603899e-14 1.0986084492905501e-03 5.7988691917533617e-19
1.5539018361677458e-14 1.0435044926671022e-03 5.9818324670105766e-19
1.5985118943625139e-14 9.9018876287093605e-04 6.1705685160596945e-19
1.6444026366042547e-14 9.3894146688611180e-04 6.3652594788258269e-19
1.6916108293015879e-14 8.8877738838499809e-04 6.5660932420299026e-19
1.7401742943684367e-14 8.3995213700127636e-04 6.7732636205089541e-19
1.7901319395259111e-14 7.9312309097279154e-04 6.9869705442573292e-19
1.8415237894741110e-14 7.4749389937611710e-04 7.2074202513693599e-19
1.8943910179588210e-14 7.0285181746609915e-04 7.4348254870696320e-19
1.9487759807587924e-14 6.6001972299001288e-04 7.6694057090230019e-19
2.0047222496200327e-14 6.1850862519130523e-04 7.9113872991224554e-19
2.0622746471643028e-14 5.7777806664072173e-04 8.1610037819591910e-19
2.1214792827997706e-14 5.3857870908236016e-04 8.4184960501857617e-19
2.1823835896626120e-14 5.0078181192847460e-04 8.6841125969898092e-19
2.2450363626191440e-14 4.6369765011311515e-04 8.9581097559026594e-19
2.3094877973589390e-14 4.2782073787694941e-04 9.2407519481742873e-19
2.3757895306102330e-14 3.9336287029101413e-04 9.5323119379532992e-19
2.4439946815098701e-14 3.5965010641203499e-04 9.8330710955183010e-19
2.5141578941608971e-14 3.2683428415491989e-04 1.0143319668814547e-18
2.5863353814119309e-14 2.9537796818090989e-04 1.0463357063558075e-18
2.6605849698933488e-14 2.6474549200816710e-04 1.0793492132177450e-18
2.7369661463464127e-14 2.3477184789388872e-04 1.1134043471872192e-18
2.8155401052824160e-14 2.0602091453891802e-04 1.1485339732075289e-18
2.8963697980100555e-14 1.7817282952359292e-04 1.1847719931616734e-18
2.9795199830702974e-14 1.5084695680633864e-04 1.2221533785893955e-18
3.0650572781191554e-14 1.2454655473570497e-04 1.2607142044365078e-18
3.1530502132999289e-14 9.9199157914897640e-05 1.3004916838690541e-18
3.2435692861476900e-14 7.4331809476690935e-05 1.3415242041859173e-18
3.3366870180699738e-14 5.0266052393110883e-05 1.3838513638645216e-18
3.4324780124489530e-14 2.7158598331800121e-05 1.4275140107753858e-18
3.5310190144116280e-14 4.5552602045972890e-06 1.4725542816024038e-18
7.0827572464459362e-10 4.3808965466407557e-06 2.3510778343944881e-13
7.2860919781446917e-10 1.3666926316435735e-05 2.4402520685362140e-13
7.4952641276281295e-10 2.3059118353652153e-05 2.5328802910885167e-13
7.7104412779063414e-10 3.2527564225892647e-05 2.6290130561323670e-13
7.9317958230319398e-10 4.2078932972033911e-05 2.7287970879204237e-13
8.1595051062174954e-10 5.1739326187405510e-05 2.8324410609412867e-13
8.3937515619180470e-10 6.1484832594826955e-05 2.9400217538662056e-13
8.6347228619926120e-10 7.1307799679232176e-05 3.0516617676590764e-13
8.8826120660617463e-10 8.1238446626441529e-05 3.1676027531759355e-13
9.1376177761816426e-10 9.1265721222644203e-05 3.2879722608808187e-13
9.3999442959586671e-10 1.0136769900048748e-04 3.4128643440157238e-13
9.6698017942318285e-10 1.1157263086580826e-04 3.5425379617941845e-13
9.9474064734542999e-10 1.2188552770675543e-04 3.6771893924039943e-13
1.0232980742908934e-09 1.3227453098041408e-04 3.8168935782857418e-13
1.0526753396896475e-09 1.4275983484246524e-04 3.9619073103726082e-13
1.0828959798039329e-09 1.5336136139465495e-04 4.1125013872197661e-13
1.1139842065847651e-09 1.6404536678016335e-04 4.2687573349234392e-13
1.1459649270698877e-09 1.7481866141633162e-04 4.4309082558019329e-13
1.1788637633386110e-09 1.8571162293912202e-04 4.5992925286210016e-13
1.2127070730395221e-09 1.9669784300879734e-04 4.7740352015345446e-13
1.2475219705075116e-09 2.0776758739948775e-04 4.9553278290172075e-13
1.2833363484870384e-09 2.1895534895333135e-04 5.1435583378854516e-13
1.3201789004790341e-09 2.3024967069917857e-04 5.3389340142782663e-13
1.3580791437293537e-09 2.4162466180821518e-04 5.5415986775025909e-13
1.3970674428771821e-09 2.5311194687893668e-04 5.7519634665178798e-13
1.4371750342823574e-09 2.6471826763341255e-04 5.9703444245409613e-13
1.4784340510510863e-09 2.7640688312158268e-04 6.1968538793445432e-13
1.5208775487801136e-09 2.8819968896853787e-04 6.4318931954395982e-13
1.5645395320399581e-09 3.0011996415724163e-04 6.6758928569327283e-13
1.6094549816184497e-09 3.1212941964331442e-04 6.9289746413642635e-13
1.6556598825463799e-09 3.2423427756023138e-04 7.1914939210893301e-13
1.7031912529277228e-09 3.3646899250272533e-04 7.4639798302216295e-13
1.7520871735975308e-09 3.4880406290582755e-04 7.7466194588907277e-13
1.8023868186312565e-09 3.6122666930249459e-04 8.0396904972667993e-13
1.8541304867299565e-09 3.7377510760028265e-04 8.3437844641722706e-13
1.9073596335065035e-09 3.8643687606998434e-04 8.6592065364284231e-13
1.9621169046986920e-09 3.9918074596401176e-04 8.9861400470063572e-13
2.0184461703358418e-09 4.1204064541067176e-04 9.3251830351594430e-13
2.0763925598862614e-09 4.2502394875176819e-04 9.6767793314064346e-13
2.1360024984137497e-09 4.3808701763858870e-04 1.0041023296249943e-12
2.1973237437720843e-09 4.5125118123245933e-04 1.0418432308190506e-12
2.2604054248673097e-09 4.6454053406397300e-04 1.0809540753576567e-12
2.3252980810184772e-09 4.7790853553819623e-04 1.1214353654102495e-12
2.3920537024483621e-09 4.9136204661870408e-04 1.1633516391617661e-12
2.4607257719366143e-09 5.0494023163616397e-04 1.2067877613001271e-12
2.5313693076686925e-09 5.1860873898923465e-04 1.2517619635817637e-12
2.6040409073149400e-09 5.3234933281642860e-04 1.2983024223531402e-12
2.6787987933750852e-09 5.4620189902943039e-04 1.3464822531902212e-12
2.7557028598245159e-09 5.6015086096805611e-04 1.3963291797741641e-12
2.8348147200997050e-09 5.7415711382824419e-04 1.4478472681715287e-12
2.9161977564612004e-09 5.8825423004349453e-04 1.5010958923626289e-12
2.9999171707737689e-09 6.0244804538678309e-04 1.5561060869752190e-12
3.0860400367443416e-09 6.1668624044153297e-04 1.6128508154949482e-12
3.1746353536596434e-09 6.3098819391416150e-04 1.6713538611146247e-12
3.2657741016665274e-09 6.4537979529544209e-04 1.7316333119281121e-12
3.3595292986393335e-09 6.5981179375707022e-04 1.7936292202424132e-12
3.4559760586798116e-09 6.7429178578248816e-04 1.8573316559127963e-12
3.5551916522964942e-09 6.8887634776637618e-04 1.9228003388065112e-12
3.6572555683117010e-09 7.0356112447411689e-04 1.9900952608207267e-12
3.7622495775458301e-09 7.1837750088166175e-04 2.0594513033139852e-12
3.8702577983298913e-09 7.3339822451190528e-04 2.1309001159834504e-12
3.9813667638988169e-09 7.4845160704084535e-04 2.2003391770014090e-12
4.0956654917195283e-09 7.6380191181146806e-04 2.2663840465247362e-12
4.2132455548092991e-09 7.7960422858480705e-04 2.3421838749643152e-12
4.3342011551015468e-09 7.9554381099344873e-04 2.4253440554047300e-12
4.4586291989178473e-09 8.1154385888582148e-04 2.5134537993844146e-12
4.5866293746066464e-09 8.2764006651858679e-04 2.6058748749373593e-12
4.7183042324108255e-09 8.4387737841473687e-04 2.7024486951738879e-12
4.8537592666281511e-09 8.6021197708063823e-04 2.8030676505484328e-12
4.9931030001304424e-09 8.7665328429586964e-04 2.9077740291742439e-12
5.1364470713091096e-09 8.9325507796278458e-04 3.0167234887042846e-12
5.2839063235167972e-09 9.0998426043120695e-04 3.1299738197509938e-12
5.4355988970767290e-09 9.2682065675431247e-04 3.2476201571465827e-12
5.5916463239335159e-09 9.4381985971558890e-04 3.3698845559992518e-12
5.7521736250212200e-09 9.6097314346543783e-04 3.4969002370026564e-12
5.9173094104267220e-09 9.7823669493402043e-04 3.6287452164017931e-12
6.0871859824285909e-09 9.9565772505227912e-04 3.7656703267330430e-12
6.2619394414940734e-09 1.0132548290788801e-03 3.9078901041716102e-12
6.4417097953190569e-09 1.0309703718978103e-03 4.0554773038207295e-12
6.6266410709984126e-09 1.0488335490790313e-03 4.2086806711625251e-12
6.8168814304165662e-09 1.0668864499594477e-03 4.3677921758367396e-12
7.0125832889507580e-09 1.0850731851099749e-03 4.5329043756969157e-12
7.2139034375820660e-09 1.1033970648033353e-03 4.7042396180516679e-12
7.4210031685120698e-09 1.1219147242440553e-03 4.8821558241989126e-12
7.6340484043857377e-09 1.1405877784009810e-03 5.0668032089164452e-12
7.8532098312241374e-09 1.1593901449893362e-03 5.2583610908704266e-12
8.0786630351733815e-09 1.1783814674279913e-03 5.4572320676136727e-12
8.3105886431794900e-09 1.1975520735192369e-03 5.6636611370236090e-12
8.5491724677017202e-09 1.2168499529880972e-03 5.8777842603671827e-12
8.7946056555804677e-09 1.2363258025163137e-03 6.1000206436132360e-12
9.0470848411788629e-09 1.2560013419979921e-03 6.3307317993261102e-12
9.3068123039208741e-09 1.2758106265404745e-03 6.5700359858882271e-12
9.5739961303520267e-09 1.2957840332630255e-03 6.8183353999136170e-12
9.8488503808526925e-09 1.3159695558211393e-03 7.0761091891733522e-12
1.0131595261137380e-08 1.3363046451217997e-03 7.3435077369004814e-12
1.0422457298677562e-08 1.3567904300171296e-03 7.6208829198293411e-12
1.0721669524189280e-08 1.3774906197598913e-03 7.9088130687354856e-12
1.1029471658330994e-08 1.3983634806662426e-03 8.2075435404747992e-12
1.1346110303761218e-08 1.4193772764161672e-03 8.5173532621427534e-12
1.1671839142709845e-08 1.4405983323828586e-03 8.8388853576605001e-12
1.2006919140221381e-08 1.4620177217479213e-03 9.1725378208392779e-12
1.2351618753233057e-08 1.4835752868689323e-03 9.5185198277897547e-12
1.2706214145655152e-08 1.5053264710700454e-03 9.8774940522008627e-12
1.3070989409625998e-08 1.5272974337550149e-03 1.0250042189892844e-11
1.3446236793118808e-08 1.5494136157510052e-03 1.0636347718385149e-11
1.3832256934082791e-08 1.5717068458422911e-03 1.1037039434334062e-11
1.4229359101306055e-08 1.5942319879278521e-03 1.1452880975635712e-11
1.4637861442193309e-08 1.6169196510804618e-03 1.1884110531756814e-11
1.5058091237656856e-08 1.6397684428504089e-03 1.2331270952029817e-11
1.5490385164325135e-08 1.6628498497859301e-03 1.2795275511302409e-11
1.5935089564278829e-08 1.6861188920438419e-03 1.3276515720615213e-11
1.6392560722530680e-08 1.7095374255011730e-03 1.3775414642494030e-11
1.6863165152471274e-08 1.7331785570127156e-03 1.4292985544414697e-11
1.7347279889509614e-08 1.7570316147192955e-03 1.4830159594381693e-11
1.7845292793143519e-08 1.7810276416683202e-03 1.5387419407646695e-11
1.8357602857702118e-08 1.8052286090797232e-03 1.5965817811499830e-11
1.8884620532009143e-08 1.8296672821722648e-03 1.6566305139501581e-11
1.9426768048223354e-08 1.8542615336973878e-03 1.7189185444576148e-11
1.9984479760119389e-08 1.8790457791943993e-03 1.7835462059028737e-11
2.0558202491080152e-08 1.9040836923307491e-03 1.8506379952982101e-11
2.1148395892079458e-08 1.9293002079545651e-03 1.9202343050458629e-11
2.1755532809941903e-08 1.9546920984989669e-03 1.9924218152860437e-11
2.2380099666174725e-08 1.9803403227971472e-03 2.0673488836011501e-11
2.3022596846675520e-08 2.0061980603400809e-03 2.1450814230509493e-11
2.3683539102627661e-08 2.0322212086392177e-03 2.2256868212183360e-11
2.4363455962904954e-08 2.0584915168877504e-03 2.3093276962183680e-11
2.5062892158315652e-08 2.0850038364046419e-03 2.3961088217842614e-11
2.5782408058025919e-08 2.1116803711189736e-03 2.4860795027236911e-11
2.6522580118512278e-08 2.1385870660439732e-03 2.5794039625235375e-11
2.7284001345402773e-08 2.1657616151233849e-03 2.6762314488039041e-11
2.8067281768576920e-08 2.1931112062971714e-03 2.7766042341200704e-11
2.8873048930904944e-08 2.2206705163982932e-03 2.8806727168375621e-11
2.9701948391017957e-08 2.2485109203000953e-03 2.9886266551670063e-11
3.0554644240511952e-08 2.2765491114160596e-03 3.1005194212974764e-11
3.1431819635999756e-08 2.3047773672024707e-03 3.2164707764869703e-11
3.2334177346437558e-08 2.3332850097510516e-03 3.3366960135317307e-11
3.3262440316164065e-08 2.3620212274237939e-03 3.4612766578245316e-11
3.4217352244103839e-08 2.3909326782740603e-03 3.5902838787088348e-11
3.5199678179598501e-08 2.4201078445926782e-03 3.7239273074078405e-11
3.6210205135343411e-08 2.4495420810133339e-03 3.8623124848761217e-11
3.7249742717920671e-08 2.4791448181571418e-03 4.0054290112940806e-11
3.8319123776433820e-08 2.5089845749868278e-03 4.1533975417048869e-11
3.9419205069763804e-08 2.5391022348393300e-03 4.3062363628973492e-11
4.0550867952980739e-08 2.5693901570804645e-03 4.4636342686702774e-11
4.1715019083461527e-08 2.5998785590826134e-03 4.6248556308583316e-11
4.2912591147278939e-08 2.6306497395647277e-03 4.7877470446857049e-11
4.4144543606444309e-08 2.6617454304225241e-03 4.9413580373689336e-11
4.5411863467602119e-08 2.6954338028233327e-03 5.0435941599904712e-11
4.6715566072792887e-08 2.7275436481528637e-03 5.2141610876700199e-11
4.8056695912917417e-08 2.7595044922301692e-03 5.3986461183115930e-11
4.9436327464554302e-08 2.7915457566727309e-03 5.5921466476475548e-11
5.0855566050801360e-08 2.8237982847689747e-03 5.7939963242925382e-11
5.2315548726830083e-08 2.8562772316342855e-03 6.0040043980163634e-11
5.3817445190863361e-08 2.8888915521305680e-03 6.2220340896310302e-11
5.5362458721305567e-08 2.9217224000739339e-03 6.4482689753817797e-11
5.6951827140776519e-08 2.9548236264713701e-03 6.6829042226298230e-11
5.8586823807820907e-08 2.9880821206664798e-03 6.9258930614700355e-11
6.0268758637088596e-08 3.0215326114770846e-03 7.1773886476473167e-11
6.1998979148802263e-08 3.0552620262553898e-03 7.4375867816390149e-11
6.3778871548353910e-08 3.0891669946633282e-03 7.7062844158664968e-11
6.5609861836894653e-08 3.1232213626690708e-03 7.9831997631186402e-11
6.7493416953807851e-08 3.1575166913981878e-03 8.2677987488619349e-11
6.9431045951981004e-08 3.1919638385675686e-03 8.5579903147032910e-11
7.1424301206817558e-08 3.2244782620010071e-03 8.6082399800812496e-11
7.3474779659957654e-08 3.2596878602513257e-03 8.9218984153960476e-11
7.5584124098704217e-08 3.2951532207585732e-03 9.2502704100107634e-11
7.7754024472179155e-08 3.3307868070975299e-03 9.5925796614719183e-11
7.9986219245264517e-08 3.3666623850607813e-03 9.9492605354666129e-11
8.2282496791412920e-08 3.4028564510233394e-03 1.0320476014753517e-10
8.4644696825443596e-08 3.4392590760494723e-03 1.0706119536319751e-10
8.7074711877471607e-08 3.4759150278493856e-03 1.1106606171744190e-10
8.9574488809151201e-08 3.5129322573312916e-03 1.1522626563357662e-10
9.2146030373448263e-08 3.5502102329945107e-03 1.1954394300686171e-10
9.4791396819191185e-08 3.5877303545843731e-03 1.2402361675249936e-10
9.7512707541685885e-08 3.6256175377500366e-03 1.2867420324182497e-10
1.0031214278071759e-07 3.6638183120052403e-03 1.3350011487604187e-10
1.0319194536729915e-07 3.7022533341684039e-03 1.3850511654359264e-10
1.0615442252056615e-07 3.7410412308378493e-03 1.4369895508356298e-10
1.0920194769625770e-07 3.7801922714739700e-03 1.4908864000064061e-10
1.1233696248826432e-07 3.8195829087395161e-03 1.5467728514755491e-10
1.1556197858476631e-07 3.8593013603693826e-03 1.6047462899797412e-10
1.1887957978052968e-07 3.8994185684166904e-03 1.6649031028828800e-10
1.2229242404697184e-07 3.9397981582089958e-03 1.7272752124316488e-10
1.2580324566165576e-07 3.9804766928051016e-03 1.7919519667006756e-10
1.2941485739891830e-07 4.0215687782065856e-03 1.8590531130653726e-10
1.3313015278338827e-07 4.0629617064829038e-03 1.9286223172562498e-10
1.3695210840819917e-07 4.1046270481652769e-03 2.0007331908753122e-10
1.4088378631975456e-07 4.1466982814493125e-03 2.0755219273609988e-10
1.4492833647095547e-07 4.1891173253660874e-03 2.1530557582052198e-10
1.4908899924485694e-07 4.2317902556741060e-03 2.2333871564066329e-10
1.5336910805077435e-07 4.2748420207865401e-03 2.3166566367171610e-10
1.5777209199491985e-07 4.3182840039985848e-03 2.4029614580465165e-10
1.6230147862770841e-07 4.3619742892817559e-03 2.4923334690255055e-10
1.6696089676993485e-07 4.4060017035896237e-03 2.5848959037063403e-10
1.7175407942008616e-07 4.4504414855928154e-03 2.6807647863802893e-10
1.7668486674511764e-07 4.4951373531540995e-03 2.7799591254408109e-10
1.8175720915708945e-07 4.5401152017299218e-03 2.8825405103780604e-10
1.8697517047812958e-07 4.5854886500320546e-03 2.9885692307105456e-10
1.9234293119625622e-07 4.6311244034600296e-03 3.0980327682202289e-10
1.9786479181467119e-07 4.6769582802461684e-03 3.2108162175719138e-10
2.0354517629720514e-07 4.7230712475248016e-03 3.3265383861925640e-10
2.0938863561267669e-07 4.7693211186465856e-03 3.4444908054347242e-10
2.1539985138100415e-07 4.8154388314900487e-03 3.5627011941752078e-10
2.2158363962399191e-07 4.8581063441925920e-03 3.5545884388631572e-10
2.2794495462379465e-07 4.9044482183966398e-03 3.6681613224169075e-10
2.3448889289215358e-07 4.9507892935121145e-03 3.7919646766711512e-10
2.4122069725358205e-07 4.9973100832250150e-03 3.9230884090905796e-10
2.4814576104577343e-07 5.0441388911337537e-03 4.0608174808640673e-10
2.5526963244059565e-07 5.0911428352580224e-03 4.2046335878767302e-10
2.6259801888913503e-07 5.1383797297501754e-03 4.3542639395390700e-10
2.7013679169435009e-07 5.1860049041945189e-03 4.5095897551411022e-10
2.7789199071499933e-07 5.2338988692068877e-03 4.6705668782983001e-10
2.8586982920461025e-07 5.2820254725760574e-03 4.8371265985236298e-10
2.9407669878936926e-07 5.3305467583093513e-03 5.0092733681359356e-10
3.0251917458891703e-07 5.3794101633415359e-03 5.1869929040454707e-10
3.1120402048415557e-07 5.4285033385812476e-03 5.3702106477101796e-10
3.2013819453628358e-07 5.4779545675303076e-03 5.5592572446406156e-10
3.2932885456140637e-07 5.5277623369489604e-03 5.7547454536175106e-10
3.3878336386518115e-07 5.5777652196846716e-03 5.9568012871881832e-10
3.4850929714209754e-07 5.6280661502030593e-03 6.1657439715797112e-10
3.5851444654411457e-07 5.6787690066015806e-03 6.3819147834277293e-10
3.6880682792352088e-07 5.7297069568424952e-03 6.6054606127019299e-10
3.7939468725501607e-07 5.7809145771541282e-03 6.8366927779097403e-10
3.9028650724216049e-07 5.8325460715211719e-03 7.0760386390226150e-10
4.0149101411348532e-07 5.8844736480176962e-03 7.3237109979162603e-10
4.1301718461370838e-07 5.9366490130365879e-03 7.5799943696098047e-10
4.2487425319565703e-07 5.9892436326851595e-03 7.8453811726538935e-10
4.3707171941865929e-07 6.0422044830195087e-03 8.1201848523193940e-10
4.4961935555933065e-07 6.0954089408844503e-03 8.4052970677178781e-10
4.6252721444085572e-07 6.1490088439575263e-03 8.7017870739430697e-10
4.7580563748703529e-07 6.2030282001497294e-03 9.0096212706516695e-10
4.8946526300755270e-07 6.2572797012530046e-03 9.3286294741580436e-10
5.0351703472109576e-07 6.3118596062179400e-03 9.6589796618877856e-10
5.1797221052316656e-07 6.3668725641403690e-03 1.0000855955777833e-09
5.3284237150559870e-07 6.4221248935480979e-03 1.0354045679144629e-09
5.4813943123501224e-07 6.4776315295576037e-03 1.0718465672596921e-09
5.6387564529763686e-07 6.5335398387054155e-03 1.1093991603553463e-09
5.8006362111815371e-07 6.5896865483487943e-03 1.1479732022003477e-09
5.9671632806041863e-07 6.6459708980370902e-03 1.1874032646395350e-09
6.1384710781816294e-07 6.7025023363773695e-03 1.2273232274610717e-09
6.3146968510399251e-07 6.7591669550086664e-03 1.2666537158749123e-09
6.4959817864525398e-07 6.8159513677248373e-03 1.3026325165326797e-09
6.6824711249557211e-07 6.8736268880325024e-03 1.3282959392557086e-09
6.8743142767112596e-07 6.9315808967420622e-03 1.3588252207858468e-09
7.0716649412098064e-07 6.9897627773893856e-03 1.3919574373452763e-09
7.2746812304107274e-07 7.0479165100703067e-03 1.4246184172714306e-09
7.4835257954170715e-07 7.1054143300592898e-03 1.4550950218123906e-09
7.6983659567871914e-07 7.1621946681568183e-03 1.4818362007636907e-09
7.9193738385874081e-07 7.2181189091082842e-03 1.5070710234870217e-09
8.1467265062931033e-07 7.2732679263407540e-03 1.5314266960583859e-09
8.3806061086487338e-07 7.3275012702429532e-03 1.5549643290931096e-09
8.6212000236004480e-07 7.3807383235318103e-03 1.5780588851027211e-09
8.8687010084181532e-07 7.4331568783294610e-03 1.6007793850573360e-09
9.1233073541273855e-07 7.4847131112145693e-03 1.6233265831250498e-09
9.3852230443746563e-07 7.5352938373063338e-03 1.6458839755525975e-09
9.6546579188535908e-07 7.5850538512189924e-03 1.6685003601132203e-09
9.9318278414227177e-07 7.6340523257953929e-03 1.6912453123171770e-09
1.0216954873049741e-06 7.6821430311888594e-03 1.7142912564007743e-09
1.0510267449720681e-06 7.7294356758630389e-03 1.7376519829958218e-09
1.0812000565456579e-06 7.7760517891700687e-03 1.7613455203799690e-09
1.1122395960584243e-06 7.8218605387925244e-03 1.7854676381050319e-09
1.1441702315412023e-06 7.8669080015030257e-03 1.8100497872153776e-09
1.1770175449465678e-06 7.9113407057813667e-03 1.8349107450261386e-09
1.2108078526443971e-06 7.9550823075504873e-03 1.8598772593618082e-09
1.2455682265058245e-06 7.9980803676666934e-03 1.8847354988705594e-09
1.2813265155924850e-06 8.0404318758731108e-03 1.9091320979897107e-09
1.3181113684684235e-06 8.0820642297563250e-03 1.9329231517882918e-09
1.3559522561525378e-06 8.1228722894823857e-03 1.9571563402102699e-09
1.3948794957299563e-06 8.1629899991428889e-03 1.9828814438726531e-09
1.4349242746412573e-06 8.2025307987596552e-03 2.0105256934432143e-09
1.4761186756689955e-06 8.2414849292609116e-03 2.0404503480346272e-09
1.5184957026415476e-06 8.2799328874352263e-03 2.0723825474254221e-09
1.5620893068748798e-06 8.3179857640363064e-03 2.1057361036141256e-09
1.6069344143734150e-06 8.3555387908540446e-03 2.1403488905047710e-09
1.6530669538117917e-06 8.3925971178426817e-03 2.1761991287931013e-09
1.7005238853199364e-06 8.4292904445857353e-03 2.2131955507413284e-09
1.7493432300945105e-06 8.4655539947799952e-03 2.2514357877483506e-09
1.7995641008604524e-06 8.5013410314047633e-03 2.2909664027717057e-09
1.8512267332070261e-06 8.5367867876011694e-03 2.3317900340313919e-09
1.9043725178234762e-06 8.5718863404298240e-03 2.3739968532687561e-09
1.9590440336601124e-06 8.6065442944243120e-03 2.4176545085199276e-09
2.0152850820414062e-06 8.6408731504130643e-03 2.4627853015079388e-09
2.0731407217584125e-06 8.6749284716414188e-03 2.5094644153298946e-09
2.1326573051686429e-06 8.7085949596059642e-03 2.5577791842224422e-09
2.1938825153323059e-06 8.7419373171708781e-03 2.6077524412118741e-09
2.2568654042146727e-06 8.7750519126963411e-03 2.6594354190736060e-09
2.3216564319851728e-06 8.8078553684185490e-03 2.7129979904284477e-09
2.3883075074447023e-06 8.8403407375783338e-03 2.7684148339905461e-09
2.4568720296135333e-06 8.8726207481479857e-03 2.8257130621228215e-09
2.5274049305131546e-06 8.9046550593139262e-03 2.8850781667063364e-09
2.5999627191763015e-06 8.9364120813273384e-03 2.9466251326798412e-09
2.6746035269204555e-06 8.9679697966127403e-03 3.0102449619966427e-09
2.7513871539210572e-06 8.9993322139916287e-03 3.0760788390255016e-09
2.8303751171217825e-06 9.0304424812466255e-03 3.1443363609262130e-09
2.9116306995202293e-06 9.0613913933383916e-03 3.2150680308963493e-09
2.9952190008685336e-06 9.0921911752455120e-03 3.2882085023668289e-09
3.0812069898295028e-06 9.1227585550692769e-03 3.3639436288680613e-09
3.1696635576300851e-06 9.1531562739357586e-03 3.4423845255674567e-09
3.2606595732551358e-06 9.1834678095996658e-03 3.5236207693485562e-09
3.3542679402257118e-06 9.2136155740574210e-03 3.6078213565933736e-09
3.4505636550073773e-06 9.2435813088223018e-03 3.6949342582680461e-09
3.5496238670953261e-06 9.2734636884133081e-03 3.7850191045838569e-09
3.6515279408244517e-06 9.3032263008467897e-03 3.8782799429379174e-09
3.7563575189538764e-06 9.3328457340162707e-03 3.9748956610321714e-09
3.8641965880769005e-06 9.3624192199874834e-03 4.0748472544565871e-09
3.9751315459087730e-06 9.3919135963163036e-03 4.1780157743619128e-09
4.0892512705061678e-06 9.4212617113103025e-03 4.2845095751330342e-09
4.2066471914738678e-06 9.4505408605742858e-03 4.3942291569424464e-09
4.3274133632156518e-06 9.4797865889328925e-03 4.5071708499572432e-09
4.4516465402881256e-06 9.5089234500782549e-03 4.6234200041702899e-09
4.5794462549178178e-06 9.5379821882786153e-03 4.7434446502458763e-09
4.7109148967436881e-06 9.5669855911157953e-03 4.8677532921983518e-09
4.8461577948489009e-06 9.5958583460236113e-03 4.9965942183562393e-09
4.9852833021476151e-06 9.6246231513019698e-03 5.1305167594809973e-09
5.1284028821943720e-06 9.6533977283774774e-03 5.2699186217192184e-09
5.2756311984856555e-06 9.6821474988892930e-03 5.4149586063544793e-09
5.4270862063251440e-06 9.7108435819979189e-03 5.5657484688098746e-09
5.5828892473262847e-06 9.7395732161946746e-03 5.7220172642383389e-09
5.7431651466278682e-06 9.7682994386631972e-03 5.8835681001930759e-09
5.9080423129005402e-06 9.7969551304586400e-03 6.0506432002951508e-09
6.0776528412242848e-06 9.8256151583333562e-03 6.2233758441263778e-09
6.2521326189194214e-06 9.8543222300961908e-03 6.4019624899452024e-09
6.4316214344158068e-06 9.8829982733528166e-03 6.5866294231505080e-09
6.6162630892474953e-06 9.9116863467019201e-03 6.7776142747595025e-09
6.8062055132626015e-06 9.9404589495231122e-03 6.9751874921602417e-09
7.0016008831406659e-06 9.9692349676088199e-03 7.1794359473405020e-09
7.2026057443124298e-06 9.9979779054699680e-03 7.3901765028338665e-09
7.4093811363797756e-06 1.0026775009513322e-02 7.6077143160250785e-09
7.6220927221362401e-06 1.0055586785327364e-02 7.8322794798382237e-09
7.8409109202915263e-06 1.0084375593915729e-02 8.0640881860857470e-09
8.0660110420063210e-06 1.0113231450439741e-02 8.3035293921729937e-09
8.2975734313467912e-06 1.0142155615460391e-02 8.5508848296080776e-09
8.5357836097713351e-06 1.0171074626854626e-02 8.8063013322484068e-09
8.7808324247652999e-06 1.0200059937955919e-02 9.0701731089015917e-09
9.0329162027427654e-06 1.0229153823919201e-02 9.3428662256022310e-09
9.2922369063379208e-06 1.0258233795920058e-02 9.6240114763840773e-09
9.5590022962119854e-06 1.0287318051704908e-02 9.9136769440661230e-09
9.8334260975053821e-06 1.0316485572799960e-02 1.0212386068685934e-08
1.0115728171068485e-05 1.0345659425443854e-02 1.0520271080358955e-08
1.0406134689608123e-05 1.0374837699472561e-02 1.0837645915405712e-08
1.0704878318890960e-05 1.0404116043770451e-02 1.1165137885068618e-08
1.1012198404148966e-05 1.0433449141789675e-02 1.1502959490662392e-08
1.1328341161836260e-05 1.0462787632116166e-02 1.1851280468932383e-08
1.1653559876891019e-05 1.0492225457485516e-02 1.2210791045387171e-08
1.1988115105660444e-05 1.0521762971688720e-02 1.2581875828926901e-08
1.2332274884651379e-05 1.0551312244141631e-02 1.2964545699921380e-08
1.2686314945273838e-05 1.0580939575392412e-02 1.3359332846052716e-08
1.3050518934749486e-05 1.0610648232233011e-02 1.3765979047404727e-08
1.3425178643362028e-05 1.0640330385166319e-02 1.4184316297303977e-08
1.3810594238231619e-05 1.0670027457605702e-02 1.4615005768854727e-08
1.4207074503800554e-05 1.0699827946901719e-02 1.5059019883400180e-08
1.4614937089222935e-05 1.0729643664354249e-02 1.5516410109801824e-08
1.5034508762856465e-05 1.0759466400773743e-02 1.5987645300852438e-08
1.5466125674060362e-05 1.0789403978842982e-02 1.6473938657177155e-08
1.5910133622509011e-05 1.0819405979712871e-02 1.6975592754193754e-08
1.6366888335237248e-05 1.0849410784018243e-02 1.7492804962655645e-08
1.6836755751639085e-05 1.0879524608476743e-02 1.8026940152488851e-08
1.7320112316648410e-05 1.0909750928346451e-02 1.8578747136611604e-08
1.7817345282336338e-05 1.0939985391426266e-02 1.9148175877775346e-08
1.8328853018167025e-05 1.0970311390073428e-02 1.9736614408208877e-08
1.8855045330160356e-05 1.1000787520160316e-02 2.0345393600250931e-08
1.9396343789217362e-05 1.1031275689866060e-02 2.0973849421854639e-08
1.9953182068871288e-05 1.1061771087151895e-02 2.1621729624974740e-08
2.0526006292734982e-05 1.1092377494281491e-02 2.2291013459683512e-08
2.1115275391922950e-05 1.1122995321697138e-02 2.2982018209939422e-08
2.1721461472734402e-05 1.1153613286084108e-02 2.3695894099156610e-08
2.2345050194891944e-05 1.1184362147334648e-02 2.4435321316102912e-08
2.2986541160638866e-05 1.1215190462672942e-02 2.5201348693790678e-08
2.3646448315006788e-05 1.1246026354731598e-02 2.5994836965241444e-08
2.4325300357574392e-05 1.1276999082955097e-02 2.6818898922611325e-08
2.5023641166047102e-05 1.1308122953461286e-02 2.7675658798400315e-08
2.5742030231997005e-05 1.1339278741566261e-02 2.8565833352867913e-08
2.6481043109112172e-05 1.1370568684758053e-02 2.9492771374110697e-08
2.7241271874314649e-05 1.1402073058693007e-02 3.0459895225819373e-08
2.8023325602116218e-05 1.1433656587684915e-02 3.1468233687797052e-08
2.8827830852592276e-05 1.1465371080745523e-02 3.2521200290291176e-08
2.9655432173364678e-05 1.1497348561905207e-02 3.3623586176992462e-08
3.0506792615995626e-05 1.1529477778115860e-02 3.4777429792983539e-08
3.1382594267206474e-05 1.1561744171175059e-02 3.5986161731390971e-08
3.2283538795347045e-05 1.1594307168230733e-02 3.7255883880411775e-08
3.3210348012552982e-05 1.1627116368007062e-02 3.8590427655345266e-08
3.4163764453042065e-05 1.1660088983547867e-02 3.9993455213740065e-08
3.5144551968012239e-05 1.1693381147604986e-02 4.1472165260747637e-08
3.6153496337618389e-05 1.1727009595666749e-02 4.3032163485184264e-08
3.7191405900517838e-05 1.1760839328260886e-02 4.4677823779869876e-08
3.8259112201489250e-05 1.1794997802408114e-02 4.6417544684885522e-08
3.9357470657643599e-05 1.1829596386313090e-02 4.8260344807727754e-08
4.0487361243760939e-05 1.1864493397755416e-02 5.0212673851180099e-08
4.1649689197302148e-05 1.1899760075465560e-02 5.2284225563265597e-08
4.2845385743660505e-05 1.1935569369646348e-02 5.4486894635398830e-08
4.4075408842233920e-05 1.1971817187652611e-02 5.6830318470175034e-08
4.5340743953915978e-05 1.2008502628970019e-02 5.9326051006236013e-08
4.6642404830620136e-05 1.2045829954756337e-02 6.1988842382718029e-08
4.7981434327470087e-05 1.2083773011055454e-02 6.4832563771305725e-08
4.9358905238306858e-05 1.2122260773108628e-02 6.7871807086187404e-08
5.0775921155181823e-05 1.2161495009638479e-02 7.1124329985559691e-08
5.2233617352524583e-05 1.2201546418764808e-02 7.4608771406568687e-08
5.3733161696693722e-05 1.2242300314759591e-02 7.8344534087662081e-08
5.5275755581639514e-05 1.2283923883995573e-02 8.2353056126971987e-08
5.6862634891427882e-05 1.2326577237838698e-02 8.6657716080939024e-08
5.8495070990396885e-05 1.2370148671770220e-02 9.1284665154512219e-08
6.0174371741739215e-05 1.2414745658733795e-02 9.6260625883467415e-08
6.1901882555326308e-05 1.2460591003764065e-02 1.0161346832753404e-07
6.3678987465614061e-05 1.2507626331356603e-02 1.0737736183633002e-07
6.5507110240493337e-05 1.2555889436595136e-02 1.1358721330238850e-07
6.7387715521973984e-05 1.2605629267665508e-02 1.2027552281939259e-07
6.9322309999615873e-05 1.2656877256654875e-02 1.2748430415101874e-07
7.1312443617647605e-05 1.2709613425833988e-02 1.3526072613252727e-07
7.3359710816739196e-05 1.2764076926951917e-02 1.4364325149414065e-07
7.5465751811424554e-05 1.2820397082254020e-02 1.5268002924036123e-07
7.7632253904196501e-05 1.2878532263207676e-02 1.6243458149115190e-07
7.9860952837327470e-05 1.2938683783870752e-02 1.7295486643393537e-07
8.2153634183498560e-05 1.3001057760838153e-02 1.8429268066031200e-07
8.4512134776351951e-05 1.3065639793381933e-02 1.9652987586817224e-07
8.6938344182111455e-05 1.3132580533097959e-02 2.0973061126473549e-07
8.9434206213451627e-05 1.3202125275160181e-02 2.2394859212329294e-07
9.2001720486827076e-05 1.3274326209923082e-02 2.3928154385261468e-07
9.4642944024510764e-05 1.3349292715849170e-02 2.5581978093637525e-07
9.7359992902623985e-05 1.3427269693803812e-02 2.7361991947962881e-07
1.0015504394647865e-04 1.3508477736928981e-02 2.9314001843281017e-07
1.0303033647459021e-04 1.3593110613619563e-02 3.1492967454469884e-07
1.0598817409275875e-04 1.3680782290094173e-02 3.3659380993253433e-07
1.0903092653965448e-04 1.3771545224463555e-02 3.5653041489176915e-07
1.1216103158538818e-04 1.3866371754031936e-02 3.7396057052015705e-07
1.1538099698458558e-04 1.3963757074181737e-02 3.9194113571037836e-07
1.1869340248553196e-04 1.4062011694197407e-02 4.1403789532683037e-07
1.2210090189699612e-04 1.4160287871209931e-02 4.3852819120089170e-07
1.2560622521438921e-04 1.4259924958713643e-02 4.6475533185098551e-07
1.2921218080696260e-04 1.4365047604111503e-02 4.9375908201466897e-07
1.3292165766779645e-04 1.4475213536666365e-02 5.2696347584140977e-07
1.3673762772838232e-04 1.4589921029720232e-02 5.6498275164715540e-07
1.4066314823965307e-04 1.4709010409363454e-02 6.0515452759127924e-07
1.4470136422136895e-04 1.4832739113005866e-02 6.4714427003126419e-07
1.4885551098182164e-04 1.4961441603126069e-02 6.9196502715709812e-07
1.5312891670987445e-04 1.5095081112105779e-02 7.3964479443921744e-07
1.5752500514141677e-04 1.5233816685467527e-02 7.9029332831731709e-07
1.6204729830236725e-04 1.5378202204666014e-02 8.4418805784149026e-07
1.6669941933042506e-04 1.5528216452879162e-02 9.0139449041824272e-07
1.7148509537782858e-04 1.5683808792039011e-02 9.6196645690720843e-07
1.7640816059744815e-04 1.5845496519977242e-02 1.0262377326598961e-06
1.8147255921460422e-04 1.6013344302888255e-02 1.0943715727357966e-06
1.8668234868707335e-04 1.6187101615249722e-02 1.1664047993013899e-06
1.9204170295581189e-04 1.6367221438357227e-02 1.2426613334904842e-06
1.9755491578900435e-04 1.6553958673728220e-02 1.3234319236858735e-06
2.0322640422211201e-04 1.6746921560603978e-02 1.4088130198444568e-06
2.0906071209668179e-04 1.6946351097718582e-02 1.4991009288412551e-06
2.1506251370074776e-04 1.7152742351492334e-02 1.5946973496460754e-06
2.2123661751374300e-04 1.7365835837967580e-02 1.6957850600161330e-06
2.2758797005892169e-04 1.7585937883259017e-02 1.8025119098063032e-06
2.3412165986637856e-04 1.7813792278550400e-02 1.9152522086855490e-06
2.4084292154984019e-04 1.8049227413051483e-02 2.0343729331278994e-06
2.4775714000049441e-04 1.8292006851641895e-02 2.1602658062274548e-06
2.5486985470121780e-04 1.8542853029716699e-02 2.2932865201318097e-06
2.6218676416465844e-04 1.8801871611622278e-02 2.4339757540397223e-06
2.6971373049872795e-04 1.9068728808133040e-02 2.5830691289191689e-06
2.7745678410316264e-04 1.9343968006071410e-02 2.7409662544302854e-06
2.8542212850091474e-04 1.9627994581234098e-02 2.9082585923312876e-06
2.9361614530824543e-04 1.9920664036220170e-02 3.0862018471771555e-06
3.0204539934750144e-04 2.0222557351480708e-02 3.2754237619815059e-06
3.1071664390667174e-04 2.0534304013052340e-02 3.4763517495752091e-06
3.1963682614993626e-04 2.0856079992651155e-02 3.6908643127154941e-06
3.2881309268354537e-04 2.1188193538723032e-02 3.9204773233153944e-06
3.3825279528148426e-04 2.1531170852439052e-02 4.1654502142302475e-06
3.4796349677551440e-04 2.1885598666423922e-02 4.4281696692269398e-06
3.5795297711430671e-04 2.2252103562910408e-02 4.7115216190127465e-06
3.6822923959652424e-04 2.2631021929045536e-02 5.0159245437413998e-06
3.7880051728284719e-04 2.3023194534636193e-02 5.3439299472879786e-06
3.8967527959207472e-04 2.3429948418910440e-02 5.7001743007492240e-06
4.0086223908659231e-04 2.3851634830314827e-02 6.0861133043364830e-06
4.1237035845263938e-04 2.4289078820272758e-02 6.5040847169410495e-06
4.2420885768096751e-04 2.4744523801767171e-02 6.9604544981689903e-06
4.3638722145364649e-04 2.5218856113405907e-02 7.4589360903611529e-06
4.4891520674293010e-04 2.5712287746646245e-02 8.0018144754467119e-06
4.6180285062827835e-04 2.6227773963341861e-02 8.5967318819644217e-06
4.7506047833778916e-04 2.6767435203296941e-02 9.2505396593875876e-06
4.8869871152049072e-04 2.7330985186653223e-02 9.9665138796303486e-06
5.0272847675611389e-04 2.7921597987452973e-02 1.0752968539869750e-05
5.1716101430917248e-04 2.8543059853443964e-02 1.1619819267865398e-05
5.3200788713435331e-04 2.9195205868156826e-02 1.2573172281842285e-05
5.4728099014044157e-04 2.9880742220598444e-02 1.3622059266245268e-05
5.6299255972019457e-04 3.0604989681774830e-02 1.4778360825757405e-05
5.7915518355380750e-04 3.1368958011363857e-02 1.6052458258109900e-05
5.9578181069381674e-04 3.2174490058932470e-02 1.7455591154653561e-05
6.1288576193952902e-04 3.3027741920278686e-02 1.9000325311144882e-05
6.3048074050927954e-04 3.3931761227267820e-02 2.0701011147335673e-05
6.4858084301907756e-04 3.4887862199336928e-02 2.2573830670495000e-05
6.6720057077642966e-04 3.5902130403824062e-02 2.4632056914024140e-05
6.8635484139839098e-04 3.6979669561259199e-02 2.6891844778941547e-05
7.0605900076315135e-04 3.8122337551484753e-02 2.9376592615654399e-05
7.2632883530473580e-04 3.9335585399850492e-02 3.2102662654784626e-05
7.4718058466066153e-04 4.0625715918657823e-02 3.5085881679911799e-05
7.6863095468269365e-04 4.1996240572871324e-02 3.8356564597586040e-05
7.9069713082111624e-04 4.3452203320406113e-02 4.1938433475667000e-05
8.1339679189324486e-04 4.4999975818281968e-02 4.5847379969663687e-05
8.3674812424721365e-04 4.6645018218405943e-02 5.0117644599659831e-05
8.6076983633237938e-04 4.8392982142141605e-02 5.4784353258248645e-05
8.8548117368801875e-04 5.0249682725992173e-02 5.9867367822817582e-05
9.1090193436233109e-04 5.2221786587505425e-02 6.5402002056280420e-05
9.3705248477409084e-04 5.4316742601323353e-02 7.1436180211511036e-05
9.6395377602966818e-04 5.6540135156057936e-02 7.7999827864462146e-05
9.9162736070848058e-04 5.8898670379813778e-02 8.5130352932292556e-05
1.0200954101303328e-03 6.1402132369393181e-02 9.2886778388786333e-05
1.0493807321184697e-03 6.4057043837236094e-02 1.0131481226686262e-04
1.0795067892725850e-03 6.6869517564214886e-02 1.1045967469246385e-04
1.1104977177664097e-03 6.9851144158391776e-02 1.2038991166390588e-04
1.1423783466849597e-03 7.3010791008912168e-02 1.3117020346480263e-04
1.1751742179169167e-03 7.6354310374207701e-02 1.4286042090559905e-04
1.2089116066180950e-03 7.9893959750409360e-02 1.5554104251458317e-04
1.2436175422623739e-03 8.3642015182920471e-02 1.6929804455328949e-04
1.2793198302969769e-03 8.7604991830477097e-02 1.8420744414757604e-04
1.3160470744194351e-03 9.1794829911457043e-02 2.0036531424332210e-04
1.3538286994940890e-03 9.6227758910805816e-02 2.1788746323222712e-04
1.3926949751264836e-03 1.0091170345838796e-01 2.3685984127177624e-04
1.4326770399145500e-03 1.0585745328738305e-01 2.5738551642595788e-04
1.4738069263960001e-03 1.1108553778823049e-01 2.7962629365507155e-04
1.5161175867119206e-03 1.1660600634131324e-01 3.0367902953338361e-04
1.5596429190071258e-03 1.2242670580108372e-01 3.2962393096883303e-04
1.6044177945884271e-03 1.2857208164314282e-01 3.5766907366634632e-04
1.6504780858625698e-03 1.3505667420028922e-01 3.8795255167159767e-04
1.6978606950762260e-03 1.4188273295883969e-01 4.2051148773686407e-04
1.7466035838810661e-03 1.4907512878547635e-01 4.5555795164544126e-04
1.7967458037475945e-03 1.5665770678716551e-01 4.9331099282378147e-04
1.8483275272521244e-03 1.6462701709581129e-01 5.3380423722084131e-04
1.9013900802619464e-03 1.7300138837362988e-01 5.7720615325145865e-04
1.9559759750444813e-03 1.8181748468309666e-01 6.2380952390882509e-04
2.0121289443269532e-03 1.9107136087284404e-01 6.7372163442072793e-04
2.0698939763338486e-03 2.0076854263514576e-01 7.2708806380538456e-04
2.1293173508302576e-03 2.1095528351908510e-01 7.8422323735973865e-04
2.1904466761999549e-03 2.2163633690978335e-01 8.4534714399888376e-04
2.2533309275879353e-03 2.3280502224329469e-01 9.1066163705550015e-04
2.3180204861379637e-03 2.4450772987694847e-01 9.8047412654585285e-04
2.3845671793565680e-03 2.5676529464245212e-01 1.0550995636254903e-03
2.4530243226358220e-03 2.6956627960930146e-01 1.1348665535488285e-03
2.5234467619681829e-03 2.8294753364676661e-01 1.2201093963426985e-03
2.5958909178875962e-03 2.9694738180814828e-01 1.3111977181321337e-03
2.6704148306720952e-03 3.1155896423031293e-01 1.4086284434898398e-03
2.7470782068440736e-03 3.2680566506661313e-01 1.5128483403289486e-03
2.8259424670055268e-03 3.4273795173258792e-01 1.6242457483411955e-03
2.9070707950465619e-03 3.5936264259124084e-01 1.7435145152265017e-03
2.9905281887665997e-03 3.7669460768892948e-01 1.8713484377457107e-03
3.0763815119488323e-03 3.9478629676292876e-01 2.0081382984940745e-03
3.1646995479296656e-03 4.1366370829907928e-01 2.1547885033471421e-03
3.2555530547060487e-03 4.3334575591025692e-01 2.3124641028832052e-03
3.3490148216248411e-03 4.5387780808729628e-01 2.4816047707987726e-03
3.4451597276996542e-03 4.7530287996672937e-01 2.6632648631647105e-03
3.5440648016018665e-03 4.9766261308385484e-01 2.8594976493081375e-03
3.6458092833738932e-03 5.2099597505526751e-01 3.0710474438879580e-03
3.7504746879141460e-03 5.4534872563115555e-01 3.2987936239321910e-03
3.8581448702845302e-03 5.7081060327480793e-01 3.5465557783518108e-03
3.9689060928928422e-03 5.9743663402046931e-01 3.8162974035997393e-03
4.0828470946038453e-03 6.2523924249973684e-01 4.1074768986390474e-03
4.2000591618344277e-03 6.5439208411103023e-01 4.4278836245636895e-03
4.3206362016897813e-03 6.8503920282732311e-01 4.7842095384316510e-03
4.4446748171992085e-03 7.1706684253926167e-01 5.1675369571962167e-03
4.5722743847118339e-03 7.5080066692528025e-01 5.5982850282870356e-03
4.7035371335142143e-03 7.8676066568310943e-01 6.1130627929042178e-03
4.8385682277336519e-03 8.2495588462216163e-01 6.7136728237373088e-03
4.9774758505928178e-03 8.6547093006819042e-01 7.4073236360258955e-03
5.1203712910831978e-03 9.0844377901804574e-01 8.2056220006641069e-03
